556.1286 0.0000 0.0000 0.0000 0.0000 0.0000 0.0000 0.0000 0.0000 0.0000 0.0000 0.0000 0.0000 0.0000 0.0000 0.0000 0.0000 0.0000 0.0000 0.0000 0.0000 0.0000 0.0000 0.0000 0.0000 0.0000 0.0000 0.0000 0.0000 0.0000 0.0000 0.0000 0.0000 0.0000 0.0000 0.0000 0.0000 0.0000 0.0000 0.0000 0.0000 0.0000 0.0000 0.0000 0.0000 0.0000 0.0000 0.0000 0.0000 0.0000 0.0000 0.0000 0.0000 0.0000 0.0000 0.0000 0.0000 0.0000 0.0000 0.0000 0.0000 0.0000 0.0000 0.0000 0.0000 0.0000 0.0000 0.0000 0.0000 0.0000 0.0000 0.0000 0.0000 0.0000 0.0000 0.0000 0.0000 0.0000 0.0000 0.0000 0.0000 0.0000 0.0000 0.0000 0.0000 0.0000 0.0000 0.0000 0.0000 0.0000 0.0000 0.0000 0.0000 0.0000 0.0000 0.0000 0.0000 0.0000 0.0000 0.0000
2.8408 523.7348 0.0000 0.0000 0.0000 0.0000 0.0000 0.0000 0.0000 0.0000 0.0000 0.0000 0.0000 0.0000 0.0000 0.0000 0.0000 0.0000 0.0000 0.0000 0.0000 0.0000 0.0000 0.0000 0.0000 0.0000 0.0000 0.0000 0.0000 0.0000 0.0000 0.0000 0.0000 0.0000 0.0000 0.0000 0.0000 0.0000 0.0000 0.0000 0.0000 0.0000 0.0000 0.0000 0.0000 0.0000 0.0000 0.0000 0.0000 0.0000 0.0000 0.0000 0.0000 0.0000 0.0000 0.0000 0.0000 0.0000 0.0000 0.0000 0.0000 0.0000 0.0000 0.0000 0.0000 0.0000 0.0000 0.0000 0.0000 0.0000 0.0000 0.0000 0.0000 0.0000 0.0000 0.0000 0.0000 0.0000 0.0000 0.0000 0.0000 0.0000 0.0000 0.0000 0.0000 0.0000 0.0000 0.0000 0.0000 0.0000 0.0000 0.0000 0.0000 0.0000 0.0000 0.0000 0.0000 0.0000 0.0000 0.0000
4.2227 8.2550 543.2098 0.0000 0.0000 0.0000 0.0000 0.0000 0.0000 0.0000 0.0000 0.0000 0.0000 0.0000 0.0000 0.0000 0.0000 0.0000 0.0000 0.0000 0.0000 0.0000 0.0000 0.0000 0.0000 0.0000 0.0000 0.0000 0.0000 0.0000 0.0000 0.0000 0.0000 0.0000 0.0000 0.0000 0.0000 0.0000 0.0000 0.0000 0.0000 0.0000 0.0000 0.0000 0.0000 0.0000 0.0000 0.0000 0.0000 0.0000 0.0000 0.0000 0.0000 0.0000 0.0000 0.0000 0.0000 0.0000 0.0000 0.0000 0.0000 0.0000 0.0000 0.0000 0.0000 0.0000 0.0000 0.0000 0.0000 0.0000 0.0000 0.0000 0.0000 0.0000 0.0000 0.0000 0.0000 0.0000 0.0000 0.0000 0.0000 0.0000 0.0000 0.0000 0.0000 0.0000 0.0000 0.0000 0.0000 0.0000 0.0000 0.0000 0.0000 0.0000 0.0000 0.0000 0.0000 0.0000 0.0000 0.0000
9.7387 4.5119 2.6398 540.0994 0.0000 0.0000 0.0000 0.0000 0.0000 0.0000 0.0000 0.0000 0.0000 0.0000 0.0000 0.0000 0.0000 0.0000 0.0000 0.0000 0.0000 0.0000 0.0000 0.0000 0.0000 0.0000 0.0000 0.0000 0.0000 0.0000 0.0000 0.0000 0.0000 0.0000 0.0000 0.0000 0.0000 0.0000 0.0000 0.0000 0.0000 0.0000 0.0000 0.0000 0.0000 0.0000 0.0000 0.0000 0.0000 0.0000 0.0000 0.0000 0.0000 0.0000 0.0000 0.0000 0.0000 0.0000 0.0000 0.0000 0.0000 0.0000 0.0000 0.0000 0.0000 0.0000 0.0000 0.0000 0.0000 0.0000 0.0000 0.0000 0.0000 0.0000 0.0000 0.0000 0.0000 0.0000 0.0000 0.0000 0.0000 0.0000 0.0000 0.0000 0.0000 0.0000 0.0000 0.0000 0.0000 0.0000 0.0000 0.0000 0.0000 0.0000 0.0000 0.0000 0.0000 0.0000 0.0000 0.0000
1.0136 9.5416 9.5142 1.4424 538.7378 0.0000 0.0000 0.0000 0.0000 0.0000 0.0000 0.0000 0.0000 0.0000 0.0000 0.0000 0.0000 0.0000 0.0000 0.0000 0.0000 0.0000 0.0000 0.0000 0.0000 0.0000 0.0000 0.0000 0.0000 0.0000 0.0000 0.0000 0.0000 0.0000 0.0000 0.0000 0.0000 0.0000 0.0000 0.0000 0.0000 0.0000 0.0000 0.0000 0.0000 0.0000 0.0000 0.0000 0.0000 0.0000 0.0000 0.0000 0.0000 0.0000 0.0000 0.0000 0.0000 0.0000 0.0000 0.0000 0.0000 0.0000 0.0000 0.0000 0.0000 0.0000 0.0000 0.0000 0.0000 0.0000 0.0000 0.0000 0.0000 0.0000 0.0000 0.0000 0.0000 0.0000 0.0000 0.0000 0.0000 0.0000 0.0000 0.0000 0.0000 0.0000 0.0000 0.0000 0.0000 0.0000 0.0000 0.0000 0.0000 0.0000 0.0000 0.0000 0.0000 0.0000 0.0000 0.0000
2.8133 7.2335 2.6040 6.0125 7.7874 531.1988 0.0000 0.0000 0.0000 0.0000 0.0000 0.0000 0.0000 0.0000 0.0000 0.0000 0.0000 0.0000 0.0000 0.0000 0.0000 0.0000 0.0000 0.0000 0.0000 0.0000 0.0000 0.0000 0.0000 0.0000 0.0000 0.0000 0.0000 0.0000 0.0000 0.0000 0.0000 0.0000 0.0000 0.0000 0.0000 0.0000 0.0000 0.0000 0.0000 0.0000 0.0000 0.0000 0.0000 0.0000 0.0000 0.0000 0.0000 0.0000 0.0000 0.0000 0.0000 0.0000 0.0000 0.0000 0.0000 0.0000 0.0000 0.0000 0.0000 0.0000 0.0000 0.0000 0.0000 0.0000 0.0000 0.0000 0.0000 0.0000 0.0000 0.0000 0.0000 0.0000 0.0000 0.0000 0.0000 0.0000 0.0000 0.0000 0.0000 0.0000 0.0000 0.0000 0.0000 0.0000 0.0000 0.0000 0.0000 0.0000 0.0000 0.0000 0.0000 0.0000 0.0000 0.0000
4.5629 5.2099 7.0072 9.2619 1.9435 2.7246 565.9460 0.0000 0.0000 0.0000 0.0000 0.0000 0.0000 0.0000 0.0000 0.0000 0.0000 0.0000 0.0000 0.0000 0.0000 0.0000 0.0000 0.0000 0.0000 0.0000 0.0000 0.0000 0.0000 0.0000 0.0000 0.0000 0.0000 0.0000 0.0000 0.0000 0.0000 0.0000 0.0000 0.0000 0.0000 0.0000 0.0000 0.0000 0.0000 0.0000 0.0000 0.0000 0.0000 0.0000 0.0000 0.0000 0.0000 0.0000 0.0000 0.0000 0.0000 0.0000 0.0000 0.0000 0.0000 0.0000 0.0000 0.0000 0.0000 0.0000 0.0000 0.0000 0.0000 0.0000 0.0000 0.0000 0.0000 0.0000 0.0000 0.0000 0.0000 0.0000 0.0000 0.0000 0.0000 0.0000 0.0000 0.0000 0.0000 0.0000 0.0000 0.0000 0.0000 0.0000 0.0000 0.0000 0.0000 0.0000 0.0000 0.0000 0.0000 0.0000 0.0000 0.0000
4.3776 8.9487 3.9835 5.3347 7.0352 2.2235 0.7855 558.7804 0.0000 0.0000 0.0000 0.0000 0.0000 0.0000 0.0000 0.0000 0.0000 0.0000 0.0000 0.0000 0.0000 0.0000 0.0000 0.0000 0.0000 0.0000 0.0000 0.0000 0.0000 0.0000 0.0000 0.0000 0.0000 0.0000 0.0000 0.0000 0.0000 0.0000 0.0000 0.0000 0.0000 0.0000 0.0000 0.0000 0.0000 0.0000 0.0000 0.0000 0.0000 0.0000 0.0000 0.0000 0.0000 0.0000 0.0000 0.0000 0.0000 0.0000 0.0000 0.0000 0.0000 0.0000 0.0000 0.0000 0.0000 0.0000 0.0000 0.0000 0.0000 0.0000 0.0000 0.0000 0.0000 0.0000 0.0000 0.0000 0.0000 0.0000 0.0000 0.0000 0.0000 0.0000 0.0000 0.0000 0.0000 0.0000 0.0000 0.0000 0.0000 0.0000 0.0000 0.0000 0.0000 0.0000 0.0000 0.0000 0.0000 0.0000 0.0000 0.0000
5.3728 4.4507 3.1012 3.0955 5.8207 1.9264 6.6825 9.4563 538.4869 0.0000 0.0000 0.0000 0.0000 0.0000 0.0000 0.0000 0.0000 0.0000 0.0000 0.0000 0.0000 0.0000 0.0000 0.0000 0.0000 0.0000 0.0000 0.0000 0.0000 0.0000 0.0000 0.0000 0.0000 0.0000 0.0000 0.0000 0.0000 0.0000 0.0000 0.0000 0.0000 0.0000 0.0000 0.0000 0.0000 0.0000 0.0000 0.0000 0.0000 0.0000 0.0000 0.0000 0.0000 0.0000 0.0000 0.0000 0.0000 0.0000 0.0000 0.0000 0.0000 0.0000 0.0000 0.0000 0.0000 0.0000 0.0000 0.0000 0.0000 0.0000 0.0000 0.0000 0.0000 0.0000 0.0000 0.0000 0.0000 0.0000 0.0000 0.0000 0.0000 0.0000 0.0000 0.0000 0.0000 0.0000 0.0000 0.0000 0.0000 0.0000 0.0000 0.0000 0.0000 0.0000 0.0000 0.0000 0.0000 0.0000 0.0000 0.0000
6.4129 8.1246 6.0706 9.0087 5.5711 8.0210 8.5855 2.0593 8.4308 624.4758 0.0000 0.0000 0.0000 0.0000 0.0000 0.0000 0.0000 0.0000 0.0000 0.0000 0.0000 0.0000 0.0000 0.0000 0.0000 0.0000 0.0000 0.0000 0.0000 0.0000 0.0000 0.0000 0.0000 0.0000 0.0000 0.0000 0.0000 0.0000 0.0000 0.0000 0.0000 0.0000 0.0000 0.0000 0.0000 0.0000 0.0000 0.0000 0.0000 0.0000 0.0000 0.0000 0.0000 0.0000 0.0000 0.0000 0.0000 0.0000 0.0000 0.0000 0.0000 0.0000 0.0000 0.0000 0.0000 0.0000 0.0000 0.0000 0.0000 0.0000 0.0000 0.0000 0.0000 0.0000 0.0000 0.0000 0.0000 0.0000 0.0000 0.0000 0.0000 0.0000 0.0000 0.0000 0.0000 0.0000 0.0000 0.0000 0.0000 0.0000 0.0000 0.0000 0.0000 0.0000 0.0000 0.0000 0.0000 0.0000 0.0000 0.0000
6.2530 8.5940 3.1359 7.9888 5.9068 7.9881 1.4426 5.3044 1.5642 1.9683 533.2071 0.0000 0.0000 0.0000 0.0000 0.0000 0.0000 0.0000 0.0000 0.0000 0.0000 0.0000 0.0000 0.0000 0.0000 0.0000 0.0000 0.0000 0.0000 0.0000 0.0000 0.0000 0.0000 0.0000 0.0000 0.0000 0.0000 0.0000 0.0000 0.0000 0.0000 0.0000 0.0000 0.0000 0.0000 0.0000 0.0000 0.0000 0.0000 0.0000 0.0000 0.0000 0.0000 0.0000 0.0000 0.0000 0.0000 0.0000 0.0000 0.0000 0.0000 0.0000 0.0000 0.0000 0.0000 0.0000 0.0000 0.0000 0.0000 0.0000 0.0000 0.0000 0.0000 0.0000 0.0000 0.0000 0.0000 0.0000 0.0000 0.0000 0.0000 0.0000 0.0000 0.0000 0.0000 0.0000 0.0000 0.0000 0.0000 0.0000 0.0000 0.0000 0.0000 0.0000 0.0000 0.0000 0.0000 0.0000 0.0000 0.0000
9.2720 9.8723 6.1771 3.7858 4.8481 3.3732 5.0360 4.1035 4.4716 1.5894 8.7373 546.6089 0.0000 0.0000 0.0000 0.0000 0.0000 0.0000 0.0000 0.0000 0.0000 0.0000 0.0000 0.0000 0.0000 0.0000 0.0000 0.0000 0.0000 0.0000 0.0000 0.0000 0.0000 0.0000 0.0000 0.0000 0.0000 0.0000 0.0000 0.0000 0.0000 0.0000 0.0000 0.0000 0.0000 0.0000 0.0000 0.0000 0.0000 0.0000 0.0000 0.0000 0.0000 0.0000 0.0000 0.0000 0.0000 0.0000 0.0000 0.0000 0.0000 0.0000 0.0000 0.0000 0.0000 0.0000 0.0000 0.0000 0.0000 0.0000 0.0000 0.0000 0.0000 0.0000 0.0000 0.0000 0.0000 0.0000 0.0000 0.0000 0.0000 0.0000 0.0000 0.0000 0.0000 0.0000 0.0000 0.0000 0.0000 0.0000 0.0000 0.0000 0.0000 0.0000 0.0000 0.0000 0.0000 0.0000 0.0000 0.0000
1.2715 4.1678 7.6729 7.3632 4.4780 1.9325 8.1899 5.8338 5.6900 8.3486 1.6289 4.6572 551.0784 0.0000 0.0000 0.0000 0.0000 0.0000 0.0000 0.0000 0.0000 0.0000 0.0000 0.0000 0.0000 0.0000 0.0000 0.0000 0.0000 0.0000 0.0000 0.0000 0.0000 0.0000 0.0000 0.0000 0.0000 0.0000 0.0000 0.0000 0.0000 0.0000 0.0000 0.0000 0.0000 0.0000 0.0000 0.0000 0.0000 0.0000 0.0000 0.0000 0.0000 0.0000 0.0000 0.0000 0.0000 0.0000 0.0000 0.0000 0.0000 0.0000 0.0000 0.0000 0.0000 0.0000 0.0000 0.0000 0.0000 0.0000 0.0000 0.0000 0.0000 0.0000 0.0000 0.0000 0.0000 0.0000 0.0000 0.0000 0.0000 0.0000 0.0000 0.0000 0.0000 0.0000 0.0000 0.0000 0.0000 0.0000 0.0000 0.0000 0.0000 0.0000 0.0000 0.0000 0.0000 0.0000 0.0000 0.0000
3.4726 1.7489 8.9390 2.5661 5.9449 1.1582 2.6362 4.9918 2.7877 7.9471 6.6508 2.3243 4.0116 507.3367 0.0000 0.0000 0.0000 0.0000 0.0000 0.0000 0.0000 0.0000 0.0000 0.0000 0.0000 0.0000 0.0000 0.0000 0.0000 0.0000 0.0000 0.0000 0.0000 0.0000 0.0000 0.0000 0.0000 0.0000 0.0000 0.0000 0.0000 0.0000 0.0000 0.0000 0.0000 0.0000 0.0000 0.0000 0.0000 0.0000 0.0000 0.0000 0.0000 0.0000 0.0000 0.0000 0.0000 0.0000 0.0000 0.0000 0.0000 0.0000 0.0000 0.0000 0.0000 0.0000 0.0000 0.0000 0.0000 0.0000 0.0000 0.0000 0.0000 0.0000 0.0000 0.0000 0.0000 0.0000 0.0000 0.0000 0.0000 0.0000 0.0000 0.0000 0.0000 0.0000 0.0000 0.0000 0.0000 0.0000 0.0000 0.0000 0.0000 0.0000 0.0000 0.0000 0.0000 0.0000 0.0000 0.0000
9.5168 2.1934 9.1546 7.4833 5.8404 5.3597 2.6738 6.8543 6.9542 5.4114 9.2743 7.7314 3.2861 7.5681 489.9407 0.0000 0.0000 0.0000 0.0000 0.0000 0.0000 0.0000 0.0000 0.0000 0.0000 0.0000 0.0000 0.0000 0.0000 0.0000 0.0000 0.0000 0.0000 0.0000 0.0000 0.0000 0.0000 0.0000 0.0000 0.0000 0.0000 0.0000 0.0000 0.0000 0.0000 0.0000 0.0000 0.0000 0.0000 0.0000 0.0000 0.0000 0.0000 0.0000 0.0000 0.0000 0.0000 0.0000 0.0000 0.0000 0.0000 0.0000 0.0000 0.0000 0.0000 0.0000 0.0000 0.0000 0.0000 0.0000 0.0000 0.0000 0.0000 0.0000 0.0000 0.0000 0.0000 0.0000 0.0000 0.0000 0.0000 0.0000 0.0000 0.0000 0.0000 0.0000 0.0000 0.0000 0.0000 0.0000 0.0000 0.0000 0.0000 0.0000 0.0000 0.0000 0.0000 0.0000 0.0000 0.0000
3.8614 8.0710 7.9497 2.1482 4.4405 4.8445 6.3899 2.6777 8.3445 4.2307 4.0955 9.4848 2.7102 3.6517 3.2611 546.9797 0.0000 0.0000 0.0000 0.0000 0.0000 0.0000 0.0000 0.0000 0.0000 0.0000 0.0000 0.0000 0.0000 0.0000 0.0000 0.0000 0.0000 0.0000 0.0000 0.0000 0.0000 0.0000 0.0000 0.0000 0.0000 0.0000 0.0000 0.0000 0.0000 0.0000 0.0000 0.0000 0.0000 0.0000 0.0000 0.0000 0.0000 0.0000 0.0000 0.0000 0.0000 0.0000 0.0000 0.0000 0.0000 0.0000 0.0000 0.0000 0.0000 0.0000 0.0000 0.0000 0.0000 0.0000 0.0000 0.0000 0.0000 0.0000 0.0000 0.0000 0.0000 0.0000 0.0000 0.0000 0.0000 0.0000 0.0000 0.0000 0.0000 0.0000 0.0000 0.0000 0.0000 0.0000 0.0000 0.0000 0.0000 0.0000 0.0000 0.0000 0.0000 0.0000 0.0000 0.0000
8.6867 1.0596 1.6646 4.7470 1.3168 9.1188 9.4061 0.8607 6.8103 9.3791 4.7925 9.5336 6.5562 8.9123 7.6261 5.6737 541.9729 0.0000 0.0000 0.0000 0.0000 0.0000 0.0000 0.0000 0.0000 0.0000 0.0000 0.0000 0.0000 0.0000 0.0000 0.0000 0.0000 0.0000 0.0000 0.0000 0.0000 0.0000 0.0000 0.0000 0.0000 0.0000 0.0000 0.0000 0.0000 0.0000 0.0000 0.0000 0.0000 0.0000 0.0000 0.0000 0.0000 0.0000 0.0000 0.0000 0.0000 0.0000 0.0000 0.0000 0.0000 0.0000 0.0000 0.0000 0.0000 0.0000 0.0000 0.0000 0.0000 0.0000 0.0000 0.0000 0.0000 0.0000 0.0000 0.0000 0.0000 0.0000 0.0000 0.0000 0.0000 0.0000 0.0000 0.0000 0.0000 0.0000 0.0000 0.0000 0.0000 0.0000 0.0000 0.0000 0.0000 0.0000 0.0000 0.0000 0.0000 0.0000 0.0000 0.0000
6.8776 3.9462 1.8484 6.2858 9.1700 6.5079 9.6340 7.7303 6.3190 1.9059 7.4514 2.0472 9.2654 0.6324 4.2516 5.6660 7.2739 567.4863 0.0000 0.0000 0.0000 0.0000 0.0000 0.0000 0.0000 0.0000 0.0000 0.0000 0.0000 0.0000 0.0000 0.0000 0.0000 0.0000 0.0000 0.0000 0.0000 0.0000 0.0000 0.0000 0.0000 0.0000 0.0000 0.0000 0.0000 0.0000 0.0000 0.0000 0.0000 0.0000 0.0000 0.0000 0.0000 0.0000 0.0000 0.0000 0.0000 0.0000 0.0000 0.0000 0.0000 0.0000 0.0000 0.0000 0.0000 0.0000 0.0000 0.0000 0.0000 0.0000 0.0000 0.0000 0.0000 0.0000 0.0000 0.0000 0.0000 0.0000 0.0000 0.0000 0.0000 0.0000 0.0000 0.0000 0.0000 0.0000 0.0000 0.0000 0.0000 0.0000 0.0000 0.0000 0.0000 0.0000 0.0000 0.0000 0.0000 0.0000 0.0000 0.0000
2.6165 9.0765 4.5780 2.6866 2.8034 8.1487 4.1775 4.3736 8.9445 4.4236 8.2288 5.4692 3.3419 4.5137 2.3137 5.6607 7.1012 4.3757 547.7516 0.0000 0.0000 0.0000 0.0000 0.0000 0.0000 0.0000 0.0000 0.0000 0.0000 0.0000 0.0000 0.0000 0.0000 0.0000 0.0000 0.0000 0.0000 0.0000 0.0000 0.0000 0.0000 0.0000 0.0000 0.0000 0.0000 0.0000 0.0000 0.0000 0.0000 0.0000 0.0000 0.0000 0.0000 0.0000 0.0000 0.0000 0.0000 0.0000 0.0000 0.0000 0.0000 0.0000 0.0000 0.0000 0.0000 0.0000 0.0000 0.0000 0.0000 0.0000 0.0000 0.0000 0.0000 0.0000 0.0000 0.0000 0.0000 0.0000 0.0000 0.0000 0.0000 0.0000 0.0000 0.0000 0.0000 0.0000 0.0000 0.0000 0.0000 0.0000 0.0000 0.0000 0.0000 0.0000 0.0000 0.0000 0.0000 0.0000 0.0000 0.0000
2.1462 4.1940 4.9283 9.4525 5.0478 7.4288 1.2042 2.4780 7.7654 6.6875 2.6487 2.2929 8.4058 4.9117 8.4721 3.8079 9.1687 2.9251 6.1806 551.5877 0.0000 0.0000 0.0000 0.0000 0.0000 0.0000 0.0000 0.0000 0.0000 0.0000 0.0000 0.0000 0.0000 0.0000 0.0000 0.0000 0.0000 0.0000 0.0000 0.0000 0.0000 0.0000 0.0000 0.0000 0.0000 0.0000 0.0000 0.0000 0.0000 0.0000 0.0000 0.0000 0.0000 0.0000 0.0000 0.0000 0.0000 0.0000 0.0000 0.0000 0.0000 0.0000 0.0000 0.0000 0.0000 0.0000 0.0000 0.0000 0.0000 0.0000 0.0000 0.0000 0.0000 0.0000 0.0000 0.0000 0.0000 0.0000 0.0000 0.0000 0.0000 0.0000 0.0000 0.0000 0.0000 0.0000 0.0000 0.0000 0.0000 0.0000 0.0000 0.0000 0.0000 0.0000 0.0000 0.0000 0.0000 0.0000 0.0000 0.0000
2.3746 5.7056 6.6921 5.1387 7.2335 2.4537 1.3356 7.6290 5.8130 4.4848 7.8733 8.8799 0.4341 7.8802 0.7925 0.8801 0.6853 5.0508 2.0205 0.3940 544.5256 0.0000 0.0000 0.0000 0.0000 0.0000 0.0000 0.0000 0.0000 0.0000 0.0000 0.0000 0.0000 0.0000 0.0000 0.0000 0.0000 0.0000 0.0000 0.0000 0.0000 0.0000 0.0000 0.0000 0.0000 0.0000 0.0000 0.0000 0.0000 0.0000 0.0000 0.0000 0.0000 0.0000 0.0000 0.0000 0.0000 0.0000 0.0000 0.0000 0.0000 0.0000 0.0000 0.0000 0.0000 0.0000 0.0000 0.0000 0.0000 0.0000 0.0000 0.0000 0.0000 0.0000 0.0000 0.0000 0.0000 0.0000 0.0000 0.0000 0.0000 0.0000 0.0000 0.0000 0.0000 0.0000 0.0000 0.0000 0.0000 0.0000 0.0000 0.0000 0.0000 0.0000 0.0000 0.0000 0.0000 0.0000 0.0000 0.0000
5.5686 7.5085 8.3744 2.9355 4.6452 9.2175 7.0548 6.5944 6.0228 9.2138 5.6866 1.7329 6.7639 1.6566 3.7558 2.5574 6.0866 5.9759 7.4191 1.7394 2.5231 554.4286 0.0000 0.0000 0.0000 0.0000 0.0000 0.0000 0.0000 0.0000 0.0000 0.0000 0.0000 0.0000 0.0000 0.0000 0.0000 0.0000 0.0000 0.0000 0.0000 0.0000 0.0000 0.0000 0.0000 0.0000 0.0000 0.0000 0.0000 0.0000 0.0000 0.0000 0.0000 0.0000 0.0000 0.0000 0.0000 0.0000 0.0000 0.0000 0.0000 0.0000 0.0000 0.0000 0.0000 0.0000 0.0000 0.0000 0.0000 0.0000 0.0000 0.0000 0.0000 0.0000 0.0000 0.0000 0.0000 0.0000 0.0000 0.0000 0.0000 0.0000 0.0000 0.0000 0.0000 0.0000 0.0000 0.0000 0.0000 0.0000 0.0000 0.0000 0.0000 0.0000 0.0000 0.0000 0.0000 0.0000 0.0000 0.0000
5.3047 5.9770 5.6214 9.2756 7.3907 4.0499 2.1505 2.0018 4.5513 5.4286 1.4599 4.2519 9.1783 6.3709 6.5632 6.1075 8.3931 6.7984 3.0235 5.7308 8.6962 4.2948 564.4965 0.0000 0.0000 0.0000 0.0000 0.0000 0.0000 0.0000 0.0000 0.0000 0.0000 0.0000 0.0000 0.0000 0.0000 0.0000 0.0000 0.0000 0.0000 0.0000 0.0000 0.0000 0.0000 0.0000 0.0000 0.0000 0.0000 0.0000 0.0000 0.0000 0.0000 0.0000 0.0000 0.0000 0.0000 0.0000 0.0000 0.0000 0.0000 0.0000 0.0000 0.0000 0.0000 0.0000 0.0000 0.0000 0.0000 0.0000 0.0000 0.0000 0.0000 0.0000 0.0000 0.0000 0.0000 0.0000 0.0000 0.0000 0.0000 0.0000 0.0000 0.0000 0.0000 0.0000 0.0000 0.0000 0.0000 0.0000 0.0000 0.0000 0.0000 0.0000 0.0000 0.0000 0.0000 0.0000 0.0000 0.0000
4.8803 6.4927 6.6320 1.7037 7.0069 9.1072 3.6728 5.2469 0.7832 6.7126 0.6908 7.0603 4.7960 4.9573 4.5239 6.6825 5.0898 8.2584 7.9114 7.7221 1.3254 8.6651 4.5026 540.9891 0.0000 0.0000 0.0000 0.0000 0.0000 0.0000 0.0000 0.0000 0.0000 0.0000 0.0000 0.0000 0.0000 0.0000 0.0000 0.0000 0.0000 0.0000 0.0000 0.0000 0.0000 0.0000 0.0000 0.0000 0.0000 0.0000 0.0000 0.0000 0.0000 0.0000 0.0000 0.0000 0.0000 0.0000 0.0000 0.0000 0.0000 0.0000 0.0000 0.0000 0.0000 0.0000 0.0000 0.0000 0.0000 0.0000 0.0000 0.0000 0.0000 0.0000 0.0000 0.0000 0.0000 0.0000 0.0000 0.0000 0.0000 0.0000 0.0000 0.0000 0.0000 0.0000 0.0000 0.0000 0.0000 0.0000 0.0000 0.0000 0.0000 0.0000 0.0000 0.0000 0.0000 0.0000 0.0000 0.0000
7.1282 5.2471 5.7982 8.0181 4.1639 4.1098 2.5605 2.9574 8.8253 0.7343 4.8861 1.9253 7.0989 1.6091 8.0692 6.4176 7.8886 1.3167 8.7198 1.9557 4.5721 1.0548 1.1829 2.3608 533.9649 0.0000 0.0000 0.0000 0.0000 0.0000 0.0000 0.0000 0.0000 0.0000 0.0000 0.0000 0.0000 0.0000 0.0000 0.0000 0.0000 0.0000 0.0000 0.0000 0.0000 0.0000 0.0000 0.0000 0.0000 0.0000 0.0000 0.0000 0.0000 0.0000 0.0000 0.0000 0.0000 0.0000 0.0000 0.0000 0.0000 0.0000 0.0000 0.0000 0.0000 0.0000 0.0000 0.0000 0.0000 0.0000 0.0000 0.0000 0.0000 0.0000 0.0000 0.0000 0.0000 0.0000 0.0000 0.0000 0.0000 0.0000 0.0000 0.0000 0.0000 0.0000 0.0000 0.0000 0.0000 0.0000 0.0000 0.0000 0.0000 0.0000 0.0000 0.0000 0.0000 0.0000 0.0000 0.0000
6.3088 6.8987 6.6368 3.0494 1.1281 2.8508 5.0094 6.1694 7.3571 6.6926 3.9820 6.8015 2.1993 2.8804 8.7150 8.6621 7.2552 5.5210 1.1204 0.1101 0.5647 7.2480 0.3528 8.1850 4.2081 501.6172 0.0000 0.0000 0.0000 0.0000 0.0000 0.0000 0.0000 0.0000 0.0000 0.0000 0.0000 0.0000 0.0000 0.0000 0.0000 0.0000 0.0000 0.0000 0.0000 0.0000 0.0000 0.0000 0.0000 0.0000 0.0000 0.0000 0.0000 0.0000 0.0000 0.0000 0.0000 0.0000 0.0000 0.0000 0.0000 0.0000 0.0000 0.0000 0.0000 0.0000 0.0000 0.0000 0.0000 0.0000 0.0000 0.0000 0.0000 0.0000 0.0000 0.0000 0.0000 0.0000 0.0000 0.0000 0.0000 0.0000 0.0000 0.0000 0.0000 0.0000 0.0000 0.0000 0.0000 0.0000 0.0000 0.0000 0.0000 0.0000 0.0000 0.0000 0.0000 0.0000 0.0000 0.0000
6.6863 6.6956 6.2094 4.4983 1.1277 5.8033 8.6716 1.2472 2.3828 8.3887 3.4373 7.0104 4.8354 7.0526 2.0770 1.2715 2.3141 6.4885 7.1630 3.9158 6.9431 1.6947 7.2449 8.6847 7.5926 1.4338 561.0597 0.0000 0.0000 0.0000 0.0000 0.0000 0.0000 0.0000 0.0000 0.0000 0.0000 0.0000 0.0000 0.0000 0.0000 0.0000 0.0000 0.0000 0.0000 0.0000 0.0000 0.0000 0.0000 0.0000 0.0000 0.0000 0.0000 0.0000 0.0000 0.0000 0.0000 0.0000 0.0000 0.0000 0.0000 0.0000 0.0000 0.0000 0.0000 0.0000 0.0000 0.0000 0.0000 0.0000 0.0000 0.0000 0.0000 0.0000 0.0000 0.0000 0.0000 0.0000 0.0000 0.0000 0.0000 0.0000 0.0000 0.0000 0.0000 0.0000 0.0000 0.0000 0.0000 0.0000 0.0000 0.0000 0.0000 0.0000 0.0000 0.0000 0.0000 0.0000 0.0000 0.0000
7.7494 5.1152 9.3813 8.2975 1.5674 9.0099 8.5009 3.5705 1.4743 2.6826 5.4176 3.5672 3.4912 8.6897 7.1684 1.2130 6.4917 3.1306 1.4894 3.7553 5.7651 6.1526 3.8843 3.9011 8.7127 0.0243 8.9206 550.7636 0.0000 0.0000 0.0000 0.0000 0.0000 0.0000 0.0000 0.0000 0.0000 0.0000 0.0000 0.0000 0.0000 0.0000 0.0000 0.0000 0.0000 0.0000 0.0000 0.0000 0.0000 0.0000 0.0000 0.0000 0.0000 0.0000 0.0000 0.0000 0.0000 0.0000 0.0000 0.0000 0.0000 0.0000 0.0000 0.0000 0.0000 0.0000 0.0000 0.0000 0.0000 0.0000 0.0000 0.0000 0.0000 0.0000 0.0000 0.0000 0.0000 0.0000 0.0000 0.0000 0.0000 0.0000 0.0000 0.0000 0.0000 0.0000 0.0000 0.0000 0.0000 0.0000 0.0000 0.0000 0.0000 0.0000 0.0000 0.0000 0.0000 0.0000 0.0000 0.0000
5.4852 3.3799 7.4321 7.3286 2.8749 3.9283 7.3895 4.5623 2.3919 8.4106 4.3807 1.4901 9.4402 7.2314 2.3239 3.4242 8.3368 3.8255 6.1241 6.9075 5.8463 2.6526 1.9170 0.4508 6.9511 4.5790 6.7157 0.8798 559.1539 0.0000 0.0000 0.0000 0.0000 0.0000 0.0000 0.0000 0.0000 0.0000 0.0000 0.0000 0.0000 0.0000 0.0000 0.0000 0.0000 0.0000 0.0000 0.0000 0.0000 0.0000 0.0000 0.0000 0.0000 0.0000 0.0000 0.0000 0.0000 0.0000 0.0000 0.0000 0.0000 0.0000 0.0000 0.0000 0.0000 0.0000 0.0000 0.0000 0.0000 0.0000 0.0000 0.0000 0.0000 0.0000 0.0000 0.0000 0.0000 0.0000 0.0000 0.0000 0.0000 0.0000 0.0000 0.0000 0.0000 0.0000 0.0000 0.0000 0.0000 0.0000 0.0000 0.0000 0.0000 0.0000 0.0000 0.0000 0.0000 0.0000 0.0000 0.0000
1.3691 5.9087 5.2641 3.9572 3.9237 0.9098 5.1812 7.2062 2.3720 5.4894 7.5837 2.5717 7.7288 6.0656 7.6276 2.1064 7.8418 7.0437 7.7452 4.4200 3.1537 4.1511 3.2271 4.1904 2.9855 7.8741 4.7280 0.5458 0.6736 526.4508 0.0000 0.0000 0.0000 0.0000 0.0000 0.0000 0.0000 0.0000 0.0000 0.0000 0.0000 0.0000 0.0000 0.0000 0.0000 0.0000 0.0000 0.0000 0.0000 0.0000 0.0000 0.0000 0.0000 0.0000 0.0000 0.0000 0.0000 0.0000 0.0000 0.0000 0.0000 0.0000 0.0000 0.0000 0.0000 0.0000 0.0000 0.0000 0.0000 0.0000 0.0000 0.0000 0.0000 0.0000 0.0000 0.0000 0.0000 0.0000 0.0000 0.0000 0.0000 0.0000 0.0000 0.0000 0.0000 0.0000 0.0000 0.0000 0.0000 0.0000 0.0000 0.0000 0.0000 0.0000 0.0000 0.0000 0.0000 0.0000 0.0000 0.0000
1.6286 4.5997 9.3191 8.9039 4.2675 5.6454 6.4927 6.5501 7.2645 9.2502 8.5216 2.3527 8.6340 4.6951 6.6380 1.6566 4.9118 7.9457 2.0321 3.6737 6.7230 0.2289 3.6069 6.4876 7.2705 -0.0502 3.3416 2.1957 0.8206 2.5022 521.9049 0.0000 0.0000 0.0000 0.0000 0.0000 0.0000 0.0000 0.0000 0.0000 0.0000 0.0000 0.0000 0.0000 0.0000 0.0000 0.0000 0.0000 0.0000 0.0000 0.0000 0.0000 0.0000 0.0000 0.0000 0.0000 0.0000 0.0000 0.0000 0.0000 0.0000 0.0000 0.0000 0.0000 0.0000 0.0000 0.0000 0.0000 0.0000 0.0000 0.0000 0.0000 0.0000 0.0000 0.0000 0.0000 0.0000 0.0000 0.0000 0.0000 0.0000 0.0000 0.0000 0.0000 0.0000 0.0000 0.0000 0.0000 0.0000 0.0000 0.0000 0.0000 0.0000 0.0000 0.0000 0.0000 0.0000 0.0000 0.0000 0.0000
9.2296 8.2457 1.9353 2.4942 8.2272 1.4303 9.0817 4.4007 1.3636 6.1517 5.6764 0.7976 6.2537 4.0315 7.4068 5.6106 7.6201 6.1619 2.2577 1.7912 3.2204 7.2581 7.9030 5.0227 3.9686 1.1029 5.5090 1.7336 6.8262 8.2836 0.4531 511.6317 0.0000 0.0000 0.0000 0.0000 0.0000 0.0000 0.0000 0.0000 0.0000 0.0000 0.0000 0.0000 0.0000 0.0000 0.0000 0.0000 0.0000 0.0000 0.0000 0.0000 0.0000 0.0000 0.0000 0.0000 0.0000 0.0000 0.0000 0.0000 0.0000 0.0000 0.0000 0.0000 0.0000 0.0000 0.0000 0.0000 0.0000 0.0000 0.0000 0.0000 0.0000 0.0000 0.0000 0.0000 0.0000 0.0000 0.0000 0.0000 0.0000 0.0000 0.0000 0.0000 0.0000 0.0000 0.0000 0.0000 0.0000 0.0000 0.0000 0.0000 0.0000 0.0000 0.0000 0.0000 0.0000 0.0000 0.0000 0.0000
9.8451 9.4224 8.9145 6.7982 7.9263 2.3911 8.1552 2.4462 6.1887 2.9681 3.8320 1.2620 2.1490 1.8767 9.1073 9.2013 5.1993 1.1847 3.7850 8.6810 2.8564 1.4289 7.8311 7.3033 6.9339 2.9055 3.8773 2.9350 -0.1360 2.7518 4.0635 8.4358 518.1926 0.0000 0.0000 0.0000 0.0000 0.0000 0.0000 0.0000 0.0000 0.0000 0.0000 0.0000 0.0000 0.0000 0.0000 0.0000 0.0000 0.0000 0.0000 0.0000 0.0000 0.0000 0.0000 0.0000 0.0000 0.0000 0.0000 0.0000 0.0000 0.0000 0.0000 0.0000 0.0000 0.0000 0.0000 0.0000 0.0000 0.0000 0.0000 0.0000 0.0000 0.0000 0.0000 0.0000 0.0000 0.0000 0.0000 0.0000 0.0000 0.0000 0.0000 0.0000 0.0000 0.0000 0.0000 0.0000 0.0000 0.0000 0.0000 0.0000 0.0000 0.0000 0.0000 0.0000 0.0000 0.0000 0.0000 0.0000
3.1773 2.3572 1.0707 1.8548 6.3339 5.8573 4.4936 1.5449 6.4396 5.2762 0.9183 8.3440 4.9370 7.9858 6.8852 7.0808 1.0601 9.0373 8.6417 8.1978 7.4765 3.5092 8.7862 4.3541 1.5139 1.4759 4.9759 5.5205 5.1109 3.1648 7.5270 6.4282 6.3590 554.3778 0.0000 0.0000 0.0000 0.0000 0.0000 0.0000 0.0000 0.0000 0.0000 0.0000 0.0000 0.0000 0.0000 0.0000 0.0000 0.0000 0.0000 0.0000 0.0000 0.0000 0.0000 0.0000 0.0000 0.0000 0.0000 0.0000 0.0000 0.0000 0.0000 0.0000 0.0000 0.0000 0.0000 0.0000 0.0000 0.0000 0.0000 0.0000 0.0000 0.0000 0.0000 0.0000 0.0000 0.0000 0.0000 0.0000 0.0000 0.0000 0.0000 0.0000 0.0000 0.0000 0.0000 0.0000 0.0000 0.0000 0.0000 0.0000 0.0000 0.0000 0.0000 0.0000 0.0000 0.0000 0.0000 0.0000
5.8392 2.0477 9.3839 2.9029 4.6426 1.5777 7.5736 4.5563 7.3432 6.2390 2.6308 7.7036 6.3166 5.6852 7.1111 2.1695 9.3027 4.1029 5.4188 7.1340 1.5678 7.1800 6.2090 7.2555 0.9026 -0.4098 3.3968 6.2369 2.2822 0.8431 6.4582 -0.0760 3.4954 3.4823 530.7533 0.0000 0.0000 0.0000 0.0000 0.0000 0.0000 0.0000 0.0000 0.0000 0.0000 0.0000 0.0000 0.0000 0.0000 0.0000 0.0000 0.0000 0.0000 0.0000 0.0000 0.0000 0.0000 0.0000 0.0000 0.0000 0.0000 0.0000 0.0000 0.0000 0.0000 0.0000 0.0000 0.0000 0.0000 0.0000 0.0000 0.0000 0.0000 0.0000 0.0000 0.0000 0.0000 0.0000 0.0000 0.0000 0.0000 0.0000 0.0000 0.0000 0.0000 0.0000 0.0000 0.0000 0.0000 0.0000 0.0000 0.0000 0.0000 0.0000 0.0000 0.0000 0.0000 0.0000 0.0000 0.0000
7.7728 6.9577 8.3747 4.5976 9.4812 8.8145 3.5701 7.5337 9.1652 8.2807 5.4871 0.4612 3.8709 4.0724 5.0190 6.6484 2.3901 1.1784 2.1586 2.1254 5.0125 5.5740 3.4963 8.0575 2.8698 2.7152 1.5102 2.8894 4.4797 6.3437 8.5132 7.5935 5.2613 2.5349 4.1687 525.0414 0.0000 0.0000 0.0000 0.0000 0.0000 0.0000 0.0000 0.0000 0.0000 0.0000 0.0000 0.0000 0.0000 0.0000 0.0000 0.0000 0.0000 0.0000 0.0000 0.0000 0.0000 0.0000 0.0000 0.0000 0.0000 0.0000 0.0000 0.0000 0.0000 0.0000 0.0000 0.0000 0.0000 0.0000 0.0000 0.0000 0.0000 0.0000 0.0000 0.0000 0.0000 0.0000 0.0000 0.0000 0.0000 0.0000 0.0000 0.0000 0.0000 0.0000 0.0000 0.0000 0.0000 0.0000 0.0000 0.0000 0.0000 0.0000 0.0000 0.0000 0.0000 0.0000 0.0000 0.0000
8.9201 9.5201 2.1189 5.2795 1.1021 6.0850 8.1290 4.0622 1.1450 5.4180 6.8363 2.3264 2.7131 9.1958 3.1826 3.0876 4.0002 8.2371 3.8755 3.9349 4.7204 2.6750 7.9515 0.1601 1.1207 2.2145 3.6790 2.1687 6.6458 2.7270 3.0163 7.7808 3.2928 6.9448 0.2119 7.2520 501.4356 0.0000 0.0000 0.0000 0.0000 0.0000 0.0000 0.0000 0.0000 0.0000 0.0000 0.0000 0.0000 0.0000 0.0000 0.0000 0.0000 0.0000 0.0000 0.0000 0.0000 0.0000 0.0000 0.0000 0.0000 0.0000 0.0000 0.0000 0.0000 0.0000 0.0000 0.0000 0.0000 0.0000 0.0000 0.0000 0.0000 0.0000 0.0000 0.0000 0.0000 0.0000 0.0000 0.0000 0.0000 0.0000 0.0000 0.0000 0.0000 0.0000 0.0000 0.0000 0.0000 0.0000 0.0000 0.0000 0.0000 0.0000 0.0000 0.0000 0.0000 0.0000 0.0000 0.0000
9.1295 7.4228 2.4137 8.7596 3.9359 5.2322 2.5373 5.6953 4.4559 1.1580 4.5141 4.2240 2.5388 3.2627 5.3872 8.2709 4.3215 1.0136 0.2772 4.3207 3.4135 0.7724 6.0054 2.4502 4.6737 4.1818 7.2124 6.5004 7.4198 2.2989 2.8947 2.4700 0.0520 0.7775 0.1852 6.3316 1.8398 527.3998 0.0000 0.0000 0.0000 0.0000 0.0000 0.0000 0.0000 0.0000 0.0000 0.0000 0.0000 0.0000 0.0000 0.0000 0.0000 0.0000 0.0000 0.0000 0.0000 0.0000 0.0000 0.0000 0.0000 0.0000 0.0000 0.0000 0.0000 0.0000 0.0000 0.0000 0.0000 0.0000 0.0000 0.0000 0.0000 0.0000 0.0000 0.0000 0.0000 0.0000 0.0000 0.0000 0.0000 0.0000 0.0000 0.0000 0.0000 0.0000 0.0000 0.0000 0.0000 0.0000 0.0000 0.0000 0.0000 0.0000 0.0000 0.0000 0.0000 0.0000 0.0000 0.0000
7.8210 2.1230 3.6895 6.3715 5.5795 6.4467 7.6339 8.4397 2.2230 2.2091 5.0602 6.5152 7.9192 0.4724 5.5950 4.5094 5.2671 2.6849 3.5947 3.8915 6.5434 4.8715 1.5313 8.9162 1.3172 1.2131 6.9711 -0.1445 4.1925 4.2973 6.2684 5.0782 2.5450 7.1172 5.6426 7.6212 1.5685 1.5003 569.7816 0.0000 0.0000 0.0000 0.0000 0.0000 0.0000 0.0000 0.0000 0.0000 0.0000 0.0000 0.0000 0.0000 0.0000 0.0000 0.0000 0.0000 0.0000 0.0000 0.0000 0.0000 0.0000 0.0000 0.0000 0.0000 0.0000 0.0000 0.0000 0.0000 0.0000 0.0000 0.0000 0.0000 0.0000 0.0000 0.0000 0.0000 0.0000 0.0000 0.0000 0.0000 0.0000 0.0000 0.0000 0.0000 0.0000 0.0000 0.0000 0.0000 0.0000 0.0000 0.0000 0.0000 0.0000 0.0000 0.0000 0.0000 0.0000 0.0000 0.0000 0.0000
3.7448 8.4669 7.9492 5.3717 8.0794 1.1456 6.0941 5.8143 4.0740 4.1080 7.4000 8.1617 1.3598 2.2476 0.3677 8.9323 2.2245 0.7889 7.7352 0.9421 6.9787 2.1957 7.3737 2.7257 5.6458 8.8119 2.0411 1.5397 7.9173 8.5359 7.8378 -0.0751 3.7010 4.7143 2.3555 0.7476 3.1592 2.2897 -0.2279 510.7850 0.0000 0.0000 0.0000 0.0000 0.0000 0.0000 0.0000 0.0000 0.0000 0.0000 0.0000 0.0000 0.0000 0.0000 0.0000 0.0000 0.0000 0.0000 0.0000 0.0000 0.0000 0.0000 0.0000 0.0000 0.0000 0.0000 0.0000 0.0000 0.0000 0.0000 0.0000 0.0000 0.0000 0.0000 0.0000 0.0000 0.0000 0.0000 0.0000 0.0000 0.0000 0.0000 0.0000 0.0000 0.0000 0.0000 0.0000 0.0000 0.0000 0.0000 0.0000 0.0000 0.0000 0.0000 0.0000 0.0000 0.0000 0.0000 0.0000 0.0000
7.8325 3.3306 6.7395 3.1618 2.2748 7.0722 7.1600 5.0568 6.2395 5.5231 6.1166 7.3799 1.2888 7.3648 1.3173 1.1999 5.1504 3.4629 8.4605 7.6207 1.3806 8.3041 1.8914 6.7960 2.1828 1.5829 6.5484 0.1415 4.8276 5.6291 6.3692 6.7101 4.8110 8.0254 8.5773 3.5350 3.1419 1.5111 7.7424 0.9048 569.9751 0.0000 0.0000 0.0000 0.0000 0.0000 0.0000 0.0000 0.0000 0.0000 0.0000 0.0000 0.0000 0.0000 0.0000 0.0000 0.0000 0.0000 0.0000 0.0000 0.0000 0.0000 0.0000 0.0000 0.0000 0.0000 0.0000 0.0000 0.0000 0.0000 0.0000 0.0000 0.0000 0.0000 0.0000 0.0000 0.0000 0.0000 0.0000 0.0000 0.0000 0.0000 0.0000 0.0000 0.0000 0.0000 0.0000 0.0000 0.0000 0.0000 0.0000 0.0000 0.0000 0.0000 0.0000 0.0000 0.0000 0.0000 0.0000 0.0000
4.4132 9.4596 5.2821 6.1824 2.6845 5.6642 2.7094 3.0637 1.7360 2.5554 4.9918 9.4423 0.6393 1.9164 5.9238 6.9467 2.4678 4.9757 0.2518 2.7422 5.5345 0.4176 8.4886 8.2126 8.3232 7.3426 8.3947 3.7761 5.8477 2.5316 2.7791 4.4948 3.5444 5.8330 7.5513 7.6592 8.3867 1.7355 1.4271 5.1400 4.0495 543.6079 0.0000 0.0000 0.0000 0.0000 0.0000 0.0000 0.0000 0.0000 0.0000 0.0000 0.0000 0.0000 0.0000 0.0000 0.0000 0.0000 0.0000 0.0000 0.0000 0.0000 0.0000 0.0000 0.0000 0.0000 0.0000 0.0000 0.0000 0.0000 0.0000 0.0000 0.0000 0.0000 0.0000 0.0000 0.0000 0.0000 0.0000 0.0000 0.0000 0.0000 0.0000 0.0000 0.0000 0.0000 0.0000 0.0000 0.0000 0.0000 0.0000 0.0000 0.0000 0.0000 0.0000 0.0000 0.0000 0.0000 0.0000 0.0000
3.2298 5.5873 7.9538 8.5295 3.7427 3.3590 8.8817 7.4215 8.9086 5.4467 7.1013 0.8962 8.8140 3.3050 8.5385 7.0988 3.4507 5.0753 7.8621 4.3890 4.7100 7.2935 2.6913 7.9644 2.3796 0.3590 -0.0459 8.1729 5.2230 1.2370 4.6372 3.4068 0.8097 1.0328 5.9312 4.6408 7.4165 3.1015 0.2684 7.4730 5.2456 5.8135 591.3378 0.0000 0.0000 0.0000 0.0000 0.0000 0.0000 0.0000 0.0000 0.0000 0.0000 0.0000 0.0000 0.0000 0.0000 0.0000 0.0000 0.0000 0.0000 0.0000 0.0000 0.0000 0.0000 0.0000 0.0000 0.0000 0.0000 0.0000 0.0000 0.0000 0.0000 0.0000 0.0000 0.0000 0.0000 0.0000 0.0000 0.0000 0.0000 0.0000 0.0000 0.0000 0.0000 0.0000 0.0000 0.0000 0.0000 0.0000 0.0000 0.0000 0.0000 0.0000 0.0000 0.0000 0.0000 0.0000 0.0000 0.0000
9.3999 3.9322 2.1094 5.2276 0.7516 3.4886 7.8253 1.3181 1.5521 8.5612 7.8181 3.6992 6.8163 2.0315 1.7355 4.9561 2.9983 2.2942 8.8888 5.2878 1.7623 4.6695 4.6577 0.9722 3.2118 3.9448 1.2641 1.5129 4.8586 4.2155 3.3969 2.9734 6.6956 6.6688 3.8829 4.3538 8.5490 4.2580 2.2057 3.8816 3.3736 7.5270 7.0442 516.6157 0.0000 0.0000 0.0000 0.0000 0.0000 0.0000 0.0000 0.0000 0.0000 0.0000 0.0000 0.0000 0.0000 0.0000 0.0000 0.0000 0.0000 0.0000 0.0000 0.0000 0.0000 0.0000 0.0000 0.0000 0.0000 0.0000 0.0000 0.0000 0.0000 0.0000 0.0000 0.0000 0.0000 0.0000 0.0000 0.0000 0.0000 0.0000 0.0000 0.0000 0.0000 0.0000 0.0000 0.0000 0.0000 0.0000 0.0000 0.0000 0.0000 0.0000 0.0000 0.0000 0.0000 0.0000 0.0000 0.0000
7.4062 8.6941 4.9088 8.1537 3.9946 2.0953 7.5276 4.7937 7.5821 1.6118 0.5091 6.8148 2.9114 7.4356 8.3097 3.4628 0.3779 8.1750 5.8252 3.4738 7.5809 3.3700 4.7532 6.8072 3.3237 8.0661 2.0967 7.4503 2.5509 6.6550 6.2720 1.4712 7.6728 8.1258 5.5978 7.1828 2.8671 6.0397 4.0293 8.1971 0.2424 0.6704 6.7798 7.8991 601.9600 0.0000 0.0000 0.0000 0.0000 0.0000 0.0000 0.0000 0.0000 0.0000 0.0000 0.0000 0.0000 0.0000 0.0000 0.0000 0.0000 0.0000 0.0000 0.0000 0.0000 0.0000 0.0000 0.0000 0.0000 0.0000 0.0000 0.0000 0.0000 0.0000 0.0000 0.0000 0.0000 0.0000 0.0000 0.0000 0.0000 0.0000 0.0000 0.0000 0.0000 0.0000 0.0000 0.0000 0.0000 0.0000 0.0000 0.0000 0.0000 0.0000 0.0000 0.0000 0.0000 0.0000 0.0000 0.0000
8.1050 6.5020 2.5648 5.3111 7.1418 5.9873 0.9346 9.3018 1.4013 1.9221 3.2768 5.4024 9.3072 1.9211 4.1199 2.6446 6.0032 5.7841 4.7011 7.1122 7.0423 6.8452 8.4055 5.6887 0.2422 1.5817 5.8267 2.7277 4.4753 8.4619 6.0453 3.2716 8.6345 7.0240 4.7156 7.0985 2.7955 5.6167 7.2192 0.5394 -0.2095 6.6974 7.1256 7.9162 2.4757 562.3477 0.0000 0.0000 0.0000 0.0000 0.0000 0.0000 0.0000 0.0000 0.0000 0.0000 0.0000 0.0000 0.0000 0.0000 0.0000 0.0000 0.0000 0.0000 0.0000 0.0000 0.0000 0.0000 0.0000 0.0000 0.0000 0.0000 0.0000 0.0000 0.0000 0.0000 0.0000 0.0000 0.0000 0.0000 0.0000 0.0000 0.0000 0.0000 0.0000 0.0000 0.0000 0.0000 0.0000 0.0000 0.0000 0.0000 0.0000 0.0000 0.0000 0.0000 0.0000 0.0000 0.0000 0.0000
2.7029 9.8685 3.1855 6.5843 4.9816 7.9181 7.1660 3.0913 2.1544 0.8802 9.2327 7.8986 7.1715 7.3034 2.7621 0.9987 7.1241 1.7834 6.5501 8.7922 4.6269 2.6145 0.5033 8.5173 7.6653 7.7017 3.3656 3.9664 1.1957 3.6809 2.9199 7.8517 3.3994 2.6688 4.4928 1.5836 3.2647 2.5361 7.3899 2.5127 7.8604 5.6952 8.3731 4.2513 3.5967 7.8132 555.2665 0.0000 0.0000 0.0000 0.0000 0.0000 0.0000 0.0000 0.0000 0.0000 0.0000 0.0000 0.0000 0.0000 0.0000 0.0000 0.0000 0.0000 0.0000 0.0000 0.0000 0.0000 0.0000 0.0000 0.0000 0.0000 0.0000 0.0000 0.0000 0.0000 0.0000 0.0000 0.0000 0.0000 0.0000 0.0000 0.0000 0.0000 0.0000 0.0000 0.0000 0.0000 0.0000 0.0000 0.0000 0.0000 0.0000 0.0000 0.0000 0.0000 0.0000 0.0000 0.0000 0.0000
9.0710 4.8453 1.4181 2.3603 5.9350 7.5047 8.2748 3.5614 6.5337 3.7422 0.5191 8.5024 2.0803 3.5699 0.9693 1.7267 2.4031 5.5983 5.5566 5.6254 1.1861 5.2129 6.8859 3.5020 5.1498 0.5059 8.8970 7.8990 3.3831 1.9732 8.3936 1.1171 1.6628 3.6720 7.2844 0.1542 2.2469 8.5375 1.6667 2.2596 0.4829 -0.0260 7.2376 3.2348 0.4145 2.2780 2.1535 510.5536 0.0000 0.0000 0.0000 0.0000 0.0000 0.0000 0.0000 0.0000 0.0000 0.0000 0.0000 0.0000 0.0000 0.0000 0.0000 0.0000 0.0000 0.0000 0.0000 0.0000 0.0000 0.0000 0.0000 0.0000 0.0000 0.0000 0.0000 0.0000 0.0000 0.0000 0.0000 0.0000 0.0000 0.0000 0.0000 0.0000 0.0000 0.0000 0.0000 0.0000 0.0000 0.0000 0.0000 0.0000 0.0000 0.0000 0.0000 0.0000 0.0000 0.0000 0.0000 0.0000
8.5174 7.4458 3.9254 6.9508 2.9956 8.5782 7.6474 6.5857 5.5925 4.2409 4.9687 6.0060 9.1677 8.6742 5.8100 8.6638 2.6170 2.3513 0.5336 6.0831 7.6917 2.9528 0.8484 7.6970 3.9024 3.2674 5.2299 5.0425 4.5177 -0.2218 4.0484 7.1990 3.5404 1.9416 8.0219 3.1149 4.0538 6.9049 6.3634 2.3410 5.0794 3.8424 2.9080 8.1673 4.2187 0.4762 -0.7055 6.6234 537.2690 0.0000 0.0000 0.0000 0.0000 0.0000 0.0000 0.0000 0.0000 0.0000 0.0000 0.0000 0.0000 0.0000 0.0000 0.0000 0.0000 0.0000 0.0000 0.0000 0.0000 0.0000 0.0000 0.0000 0.0000 0.0000 0.0000 0.0000 0.0000 0.0000 0.0000 0.0000 0.0000 0.0000 0.0000 0.0000 0.0000 0.0000 0.0000 0.0000 0.0000 0.0000 0.0000 0.0000 0.0000 0.0000 0.0000 0.0000 0.0000 0.0000 0.0000 0.0000
1.0904 1.7798 4.3950 3.8334 1.0998 7.1904 2.0924 7.2075 1.3412 5.5328 7.6563 3.3791 1.0669 5.9184 7.7667 9.1382 6.5056 3.4926 4.0254 8.9965 5.1441 5.7619 1.4447 8.8704 1.7478 1.7255 8.0537 1.8499 4.9313 -0.2495 5.0133 6.4350 6.6912 1.6507 8.4985 -0.0782 8.5423 3.1190 6.3836 4.7251 0.2555 7.0803 2.4190 2.4239 6.8079 2.2909 4.5157 -0.5319 6.8191 508.5467 0.0000 0.0000 0.0000 0.0000 0.0000 0.0000 0.0000 0.0000 0.0000 0.0000 0.0000 0.0000 0.0000 0.0000 0.0000 0.0000 0.0000 0.0000 0.0000 0.0000 0.0000 0.0000 0.0000 0.0000 0.0000 0.0000 0.0000 0.0000 0.0000 0.0000 0.0000 0.0000 0.0000 0.0000 0.0000 0.0000 0.0000 0.0000 0.0000 0.0000 0.0000 0.0000 0.0000 0.0000 0.0000 0.0000 0.0000 0.0000 0.0000 0.0000
6.6066 6.3753 1.8641 3.6668 5.0193 7.4199 4.9612 8.9232 4.1492 2.5599 4.0913 0.8904 8.2121 1.4350 0.3706 4.3277 4.8075 4.6227 2.2027 4.6671 1.3726 4.8114 3.1271 2.5008 6.2823 7.8110 6.4889 4.2331 1.1065 1.2995 -0.0619 4.2172 0.9700 6.9697 6.1737 6.2714 8.7401 7.1594 -0.0850 2.2991 -0.2640 6.3735 3.1495 6.2402 1.3396 -0.0527 5.6027 3.7443 3.1615 0.7369 537.5100 0.0000 0.0000 0.0000 0.0000 0.0000 0.0000 0.0000 0.0000 0.0000 0.0000 0.0000 0.0000 0.0000 0.0000 0.0000 0.0000 0.0000 0.0000 0.0000 0.0000 0.0000 0.0000 0.0000 0.0000 0.0000 0.0000 0.0000 0.0000 0.0000 0.0000 0.0000 0.0000 0.0000 0.0000 0.0000 0.0000 0.0000 0.0000 0.0000 0.0000 0.0000 0.0000 0.0000 0.0000 0.0000 0.0000 0.0000 0.0000 0.0000
6.4390 4.4656 1.8704 8.9927 2.3642 8.8344 7.2356 4.6936 4.7510 3.0356 0.6763 1.3007 5.9348 1.4320 8.8024 0.8386 2.4075 7.4808 2.7133 3.5579 3.7620 9.1381 5.9545 6.0408 8.5135 5.8788 3.6937 7.8707 7.7379 1.2987 8.4968 3.8849 1.0654 2.1812 3.3774 0.7986 2.4221 1.9379 3.3121 6.7517 3.3634 -0.2408 -0.1833 4.8923 3.7569 2.9389 6.2935 0.1197 6.0534 6.1584 2.6156 552.2669 0.0000 0.0000 0.0000 0.0000 0.0000 0.0000 0.0000 0.0000 0.0000 0.0000 0.0000 0.0000 0.0000 0.0000 0.0000 0.0000 0.0000 0.0000 0.0000 0.0000 0.0000 0.0000 0.0000 0.0000 0.0000 0.0000 0.0000 0.0000 0.0000 0.0000 0.0000 0.0000 0.0000 0.0000 0.0000 0.0000 0.0000 0.0000 0.0000 0.0000 0.0000 0.0000 0.0000 0.0000 0.0000 0.0000 0.0000 0.0000
3.1685 7.7535 8.5914 2.3931 0.7020 3.5924 8.3293 3.7723 5.6288 1.0753 8.6679 6.7399 9.3773 2.4630 8.6150 6.7052 5.1399 0.5572 0.6779 0.5340 0.6812 2.8103 1.6413 7.1611 1.3367 7.7742 2.5890 3.1334 3.6333 4.1640 6.2684 5.7134 6.3686 5.0187 7.2903 3.3421 3.3571 8.5378 4.6627 7.1109 6.0717 7.1324 3.5571 1.5912 6.0553 5.2215 -0.0177 2.3529 6.0395 2.2951 -0.3545 2.1001 545.0316 0.0000 0.0000 0.0000 0.0000 0.0000 0.0000 0.0000 0.0000 0.0000 0.0000 0.0000 0.0000 0.0000 0.0000 0.0000 0.0000 0.0000 0.0000 0.0000 0.0000 0.0000 0.0000 0.0000 0.0000 0.0000 0.0000 0.0000 0.0000 0.0000 0.0000 0.0000 0.0000 0.0000 0.0000 0.0000 0.0000 0.0000 0.0000 0.0000 0.0000 0.0000 0.0000 0.0000 0.0000 0.0000 0.0000 0.0000
8.9189 9.3531 2.0278 6.2782 4.5971 5.3627 8.3688 7.6559 2.4979 7.7470 5.3370 7.1211 4.6725 0.8256 6.2197 2.0915 2.6854 7.4452 1.1610 8.6816 0.4802 8.0572 5.2291 6.4738 2.9026 1.6334 4.9994 3.1320 2.2064 6.0315 3.0693 2.0019 8.0091 1.8825 4.5347 4.7473 -0.0852 4.0365 6.9330 0.9269 6.7094 2.4813 3.2616 -0.0245 2.8406 5.0372 5.1855 6.5033 6.8676 3.9131 0.5184 2.7396 2.8567 559.3432 0.0000 0.0000 0.0000 0.0000 0.0000 0.0000 0.0000 0.0000 0.0000 0.0000 0.0000 0.0000 0.0000 0.0000 0.0000 0.0000 0.0000 0.0000 0.0000 0.0000 0.0000 0.0000 0.0000 0.0000 0.0000 0.0000 0.0000 0.0000 0.0000 0.0000 0.0000 0.0000 0.0000 0.0000 0.0000 0.0000 0.0000 0.0000 0.0000 0.0000 0.0000 0.0000 0.0000 0.0000 0.0000 0.0000
1.9331 9.9813 5.7835 4.5542 4.1799 8.8350 1.3716 9.0797 8.5115 8.0902 5.9893 0.6825 3.3385 1.4023 0.2015 1.9210 4.5099 8.0120 5.4454 8.8700 3.4461 2.6827 2.7973 5.7925 6.9836 2.6213 7.0097 2.7625 6.8466 6.7764 4.9533 4.8871 1.3966 -0.1621 4.8259 7.8749 3.6302 2.1957 2.9671 3.8379 4.3748 4.3837 5.6917 5.4909 1.0150 3.2536 0.3402 1.2159 2.4188 4.0306 3.1867 4.4735 3.6986 2.4928 517.2885 0.0000 0.0000 0.0000 0.0000 0.0000 0.0000 0.0000 0.0000 0.0000 0.0000 0.0000 0.0000 0.0000 0.0000 0.0000 0.0000 0.0000 0.0000 0.0000 0.0000 0.0000 0.0000 0.0000 0.0000 0.0000 0.0000 0.0000 0.0000 0.0000 0.0000 0.0000 0.0000 0.0000 0.0000 0.0000 0.0000 0.0000 0.0000 0.0000 0.0000 0.0000 0.0000 0.0000 0.0000 0.0000
8.8741 9.8766 7.0434 5.9442 4.3273 2.2174 3.1926 5.9306 8.0223 2.6395 4.5101 6.5409 1.2805 4.3253 6.3069 4.6341 8.0057 1.3223 2.7278 5.0552 6.8041 3.5714 4.4362 6.6802 7.9516 2.9773 3.6867 0.6426 6.4136 8.4473 4.8047 4.6074 5.5500 2.9810 4.6657 -0.2935 0.3287 5.0488 1.1969 0.0521 4.6112 5.9126 3.4763 6.9898 4.2411 4.7980 3.3994 5.9572 0.3225 7.6040 -1.0498 3.1894 7.8502 5.6257 1.7630 578.0307 0.0000 0.0000 0.0000 0.0000 0.0000 0.0000 0.0000 0.0000 0.0000 0.0000 0.0000 0.0000 0.0000 0.0000 0.0000 0.0000 0.0000 0.0000 0.0000 0.0000 0.0000 0.0000 0.0000 0.0000 0.0000 0.0000 0.0000 0.0000 0.0000 0.0000 0.0000 0.0000 0.0000 0.0000 0.0000 0.0000 0.0000 0.0000 0.0000 0.0000 0.0000 0.0000 0.0000 0.0000
1.2782 8.5089 8.2646 5.6305 5.2143 7.6765 0.9719 6.7171 9.3492 4.0766 5.9278 1.6184 0.7590 8.4729 8.5424 3.3562 2.5724 7.5523 2.8868 8.1726 4.8225 -0.0742 1.5209 3.5275 0.5576 1.6769 8.1782 5.6653 8.4840 7.8802 2.9744 8.5201 5.1522 6.5128 0.5547 3.8651 4.6117 5.5827 1.4080 1.6669 2.8367 6.0410 2.9992 4.4914 4.2175 6.1037 5.3852 5.1750 5.7618 -0.5007 2.3061 1.8306 2.4495 3.9530 1.2251 0.1162 568.7621 0.0000 0.0000 0.0000 0.0000 0.0000 0.0000 0.0000 0.0000 0.0000 0.0000 0.0000 0.0000 0.0000 0.0000 0.0000 0.0000 0.0000 0.0000 0.0000 0.0000 0.0000 0.0000 0.0000 0.0000 0.0000 0.0000 0.0000 0.0000 0.0000 0.0000 0.0000 0.0000 0.0000 0.0000 0.0000 0.0000 0.0000 0.0000 0.0000 0.0000 0.0000 0.0000 0.0000
8.5469 7.9432 6.3448 9.4640 0.9962 9.5607 6.2330 6.5476 1.9034 9.1158 5.5277 3.8822 8.9614 5.9625 5.9082 6.2496 5.3493 8.3334 2.4657 0.8863 0.2289 5.6220 1.3553 4.3379 1.8485 1.7151 0.8392 7.7105 3.2089 5.0346 4.9100 8.2105 2.5805 6.1402 5.8109 6.6170 4.7831 1.6231 5.3472 1.3045 6.4524 -0.3341 7.4147 2.3617 3.9999 4.3481 1.5258 4.9731 -0.2466 2.3314 -0.0861 5.0852 -0.4292 3.4592 7.7038 5.6970 0.4458 574.0243 0.0000 0.0000 0.0000 0.0000 0.0000 0.0000 0.0000 0.0000 0.0000 0.0000 0.0000 0.0000 0.0000 0.0000 0.0000 0.0000 0.0000 0.0000 0.0000 0.0000 0.0000 0.0000 0.0000 0.0000 0.0000 0.0000 0.0000 0.0000 0.0000 0.0000 0.0000 0.0000 0.0000 0.0000 0.0000 0.0000 0.0000 0.0000 0.0000 0.0000 0.0000 0.0000
2.7765 8.5050 9.1304 8.6408 9.0557 8.0773 4.3589 5.5569 1.2075 5.7987 5.0456 3.2198 2.9594 3.3406 6.6089 7.6571 8.7742 0.5355 5.4264 4.7878 4.7556 0.0177 2.8263 2.1877 3.2433 5.4142 4.3449 4.8627 2.9952 7.4467 8.1531 2.8995 0.9380 7.3818 3.5829 8.1813 3.3706 8.4366 7.5633 1.4137 6.1620 -0.4652 1.6540 0.1229 -0.4711 1.2345 5.2594 5.0716 5.8760 3.5444 5.7566 1.4500 1.0645 -0.4744 2.8617 2.2882 4.7553 2.9018 564.9803 0.0000 0.0000 0.0000 0.0000 0.0000 0.0000 0.0000 0.0000 0.0000 0.0000 0.0000 0.0000 0.0000 0.0000 0.0000 0.0000 0.0000 0.0000 0.0000 0.0000 0.0000 0.0000 0.0000 0.0000 0.0000 0.0000 0.0000 0.0000 0.0000 0.0000 0.0000 0.0000 0.0000 0.0000 0.0000 0.0000 0.0000 0.0000 0.0000 0.0000 0.0000
1.7632 1.9648 3.9804 7.0246 5.9524 5.6744 1.2514 5.4324 1.2917 6.9256 8.8915 3.5491 8.6126 1.0573 4.6288 4.4635 6.0664 8.6607 6.6869 6.3099 1.9266 7.5122 2.8871 8.9193 3.6198 8.5620 0.1399 6.5339 1.0195 2.2293 4.1421 4.6746 0.2021 0.7091 8.8921 8.4104 5.3510 8.2510 -0.2479 7.8718 1.9072 1.9219 0.7244 0.5186 4.3766 2.3263 0.0839 0.3644 6.8588 3.4931 4.1100 1.8949 3.6711 6.8041 2.9683 6.8881 2.5589 1.0161 4.5208 539.1738 0.0000 0.0000 0.0000 0.0000 0.0000 0.0000 0.0000 0.0000 0.0000 0.0000 0.0000 0.0000 0.0000 0.0000 0.0000 0.0000 0.0000 0.0000 0.0000 0.0000 0.0000 0.0000 0.0000 0.0000 0.0000 0.0000 0.0000 0.0000 0.0000 0.0000 0.0000 0.0000 0.0000 0.0000 0.0000 0.0000 0.0000 0.0000 0.0000 0.0000
6.1617 5.5756 1.0603 6.8537 0.7247 5.0039 5.1253 4.1016 1.2396 4.4945 3.0921 7.7701 7.2600 7.4371 4.2604 2.3959 7.7309 9.0366 1.8687 1.1103 1.0969 4.6395 5.0585 8.5090 3.3103 0.9983 7.5841 7.3869 5.8499 1.6600 0.7058 3.6940 5.5520 2.3283 4.9676 3.8710 5.5472 5.3919 6.0725 4.2085 2.9265 3.8265 4.1847 6.2794 7.8349 5.8822 2.8743 3.4279 7.5001 6.8189 -0.3222 4.4403 6.8045 2.5909 2.3974 0.6430 3.5887 1.6874 3.5667 3.8535 570.0962 0.0000 0.0000 0.0000 0.0000 0.0000 0.0000 0.0000 0.0000 0.0000 0.0000 0.0000 0.0000 0.0000 0.0000 0.0000 0.0000 0.0000 0.0000 0.0000 0.0000 0.0000 0.0000 0.0000 0.0000 0.0000 0.0000 0.0000 0.0000 0.0000 0.0000 0.0000 0.0000 0.0000 0.0000 0.0000 0.0000 0.0000 0.0000 0.0000
9.8092 2.8535 4.0645 6.7874 2.8699 8.7481 9.4414 3.4190 1.4938 7.5480 7.3559 4.0896 7.6606 7.8738 4.5422 4.3573 7.9927 5.1387 8.6571 1.1944 1.2179 7.4919 8.6692 4.7441 8.3741 5.4396 3.3891 8.5932 0.8177 2.1322 7.7701 4.3939 3.1375 3.8622 8.1940 1.0323 2.6446 0.9910 0.9407 3.5162 6.3734 7.6850 -0.3887 6.9682 5.6533 5.8902 6.7249 -0.9622 7.5894 -0.5602 1.3742 7.0506 1.1053 2.7630 3.2122 4.3942 -1.1071 4.3232 4.0671 2.8345 5.7433 553.4540 0.0000 0.0000 0.0000 0.0000 0.0000 0.0000 0.0000 0.0000 0.0000 0.0000 0.0000 0.0000 0.0000 0.0000 0.0000 0.0000 0.0000 0.0000 0.0000 0.0000 0.0000 0.0000 0.0000 0.0000 0.0000 0.0000 0.0000 0.0000 0.0000 0.0000 0.0000 0.0000 0.0000 0.0000 0.0000 0.0000 0.0000 0.0000
6.1693 7.4950 0.9661 4.1773 3.8449 9.4565 8.3357 1.0966 1.6142 4.3091 4.4492 2.1878 7.7490 4.5730 1.0797 1.1951 0.3820 0.7717 9.0137 2.9849 2.5612 4.0066 2.0193 2.5721 4.2871 2.0321 2.5376 8.8677 8.2995 8.6625 2.2951 4.6350 8.6667 2.5176 0.3833 3.6797 2.4453 8.6344 5.0703 5.2420 6.4668 4.0164 6.7506 2.5257 3.2093 6.0740 6.7531 3.1081 1.4020 3.9046 6.7466 3.0351 4.9262 0.1056 7.9580 8.2272 7.1229 2.5294 6.6151 -0.0775 -0.8833 -0.3648 523.6940 0.0000 0.0000 0.0000 0.0000 0.0000 0.0000 0.0000 0.0000 0.0000 0.0000 0.0000 0.0000 0.0000 0.0000 0.0000 0.0000 0.0000 0.0000 0.0000 0.0000 0.0000 0.0000 0.0000 0.0000 0.0000 0.0000 0.0000 0.0000 0.0000 0.0000 0.0000 0.0000 0.0000 0.0000 0.0000 0.0000 0.0000
7.8817 3.0616 6.2264 6.8569 9.0308 3.0699 8.3004 5.0441 6.2626 3.8561 3.4818 5.6482 1.2749 5.6637 1.4336 8.5570 0.5955 2.0375 0.2455 6.7598 8.9650 4.6165 8.1006 4.1690 5.1213 -0.0032 8.2115 1.0251 4.6950 1.1841 5.7638 3.3261 5.9246 7.2050 0.6301 4.6373 5.2424 4.1408 2.3583 3.5460 7.1582 5.7821 8.4580 4.5538 1.1218 8.0434 -0.2509 2.2302 -0.2613 3.2758 -0.7869 0.7827 7.7422 5.5645 -0.4259 3.2703 6.8405 -0.3854 0.2983 0.3197 6.0257 6.5188 1.6246 549.0359 0.0000 0.0000 0.0000 0.0000 0.0000 0.0000 0.0000 0.0000 0.0000 0.0000 0.0000 0.0000 0.0000 0.0000 0.0000 0.0000 0.0000 0.0000 0.0000 0.0000 0.0000 0.0000 0.0000 0.0000 0.0000 0.0000 0.0000 0.0000 0.0000 0.0000 0.0000 0.0000 0.0000 0.0000 0.0000 0.0000
4.2771 6.7285 6.8089 1.0850 9.6498 2.0712 7.4166 9.2353 3.6500 8.0560 8.4662 1.5894 4.3803 5.7655 5.4135 6.3773 8.8835 0.8486 0.5084 5.1681 2.4843 0.8181 3.5539 1.3732 3.4963 7.7202 2.1027 0.7646 7.7386 6.1140 -0.0098 5.3572 2.9828 4.5621 0.9132 4.9248 6.8141 3.9259 0.2606 4.8898 4.7081 2.2655 5.2323 3.3206 8.3572 5.7245 1.4384 2.7866 6.8964 1.4767 5.1063 0.9821 -0.3154 3.1030 1.3396 7.9012 6.3180 5.7864 7.2917 2.4814 6.6602 0.5527 1.5442 1.7990 534.1642 0.0000 0.0000 0.0000 0.0000 0.0000 0.0000 0.0000 0.0000 0.0000 0.0000 0.0000 0.0000 0.0000 0.0000 0.0000 0.0000 0.0000 0.0000 0.0000 0.0000 0.0000 0.0000 0.0000 0.0000 0.0000 0.0000 0.0000 0.0000 0.0000 0.0000 0.0000 0.0000 0.0000 0.0000 0.0000
6.2625 9.2694 2.1950 2.7868 1.1723 0.8314 2.1923 7.1089 2.2981 9.1237 6.6529 7.1495 3.0779 8.7970 5.5941 5.7111 7.2974 1.5715 5.4497 3.3932 7.8315 7.1165 4.6184 0.7579 6.0806 0.4745 7.3780 3.3461 2.6873 5.5250 4.9498 0.6466 5.4791 5.1114 6.0093 4.0183 4.0978 7.5331 4.6214 5.3255 6.1343 3.4258 2.8604 0.3488 3.6429 6.0993 2.1126 1.7055 2.1903 2.4734 -0.8889 5.6100 0.8189 4.3692 1.7110 2.8290 1.6300 5.2014 2.2801 4.2203 3.7979 0.7740 0.3015 -0.1370 4.4025 533.6288 0.0000 0.0000 0.0000 0.0000 0.0000 0.0000 0.0000 0.0000 0.0000 0.0000 0.0000 0.0000 0.0000 0.0000 0.0000 0.0000 0.0000 0.0000 0.0000 0.0000 0.0000 0.0000 0.0000 0.0000 0.0000 0.0000 0.0000 0.0000 0.0000 0.0000 0.0000 0.0000 0.0000 0.0000
9.9050 3.0319 1.7424 1.9644 5.5338 6.4283 3.5767 5.3190 8.0580 7.7486 1.1311 9.4154 5.6720 2.4730 8.5366 1.5754 6.7953 0.6332 2.5377 0.9257 1.4048 6.4998 5.5879 8.8527 5.5969 0.7913 1.4984 5.2341 1.6569 3.5212 2.2881 -0.0189 5.2708 2.2291 1.5449 1.3543 1.5397 6.6263 2.3658 6.5739 4.4717 5.7685 5.2346 7.2021 6.1334 6.5398 0.5178 3.9825 3.5691 2.5871 5.5651 4.4014 1.6236 6.4220 6.8561 8.0593 7.9321 -0.2378 3.1962 6.7331 5.3616 0.1377 2.4886 4.1570 5.4886 7.1539 550.7243 0.0000 0.0000 0.0000 0.0000 0.0000 0.0000 0.0000 0.0000 0.0000 0.0000 0.0000 0.0000 0.0000 0.0000 0.0000 0.0000 0.0000 0.0000 0.0000 0.0000 0.0000 0.0000 0.0000 0.0000 0.0000 0.0000 0.0000 0.0000 0.0000 0.0000 0.0000 0.0000 0.0000
3.6496 4.1165 1.2210 9.8909 6.3383 2.6778 4.2185 3.2056 8.6024 8.5396 8.5594 0.6255 2.8538 6.3844 3.6600 7.4168 7.9465 2.1639 7.7939 3.7842 7.7944 3.7818 5.1880 4.7812 8.2121 4.9589 0.2570 1.0262 7.3444 -0.2009 6.9066 7.7507 5.7547 3.0270 5.8277 2.9515 6.4065 8.3198 4.2488 1.8176 2.5248 6.4122 0.1218 3.3043 5.6402 3.1272 -0.0935 5.3159 6.0430 4.0891 1.9455 0.9907 2.7000 -0.8299 4.5384 -0.9519 3.9762 3.7609 3.7061 -0.3197 2.3079 6.9419 3.7536 7.4255 4.3747 3.5214 4.4257 542.8508 0.0000 0.0000 0.0000 0.0000 0.0000 0.0000 0.0000 0.0000 0.0000 0.0000 0.0000 0.0000 0.0000 0.0000 0.0000 0.0000 0.0000 0.0000 0.0000 0.0000 0.0000 0.0000 0.0000 0.0000 0.0000 0.0000 0.0000 0.0000 0.0000 0.0000 0.0000 0.0000
3.3755 5.9808 3.1295 7.9230 1.0282 7.3455 7.7827 7.9477 2.7883 9.0048 0.3821 4.3154 6.6393 6.6457 1.0008 1.1650 1.5289 7.2935 4.9352 4.7311 5.5215 3.5894 8.9321 1.1476 1.0614 1.0921 5.2265 4.4644 4.6340 0.1605 4.4092 6.4949 3.8607 1.3763 4.1470 3.1480 1.5638 1.6223 0.4784 2.2837 6.5550 5.7368 1.2581 0.4975 5.5641 6.5070 1.3491 2.0137 0.0036 7.3835 0.5859 0.3433 6.0361 7.1649 7.9077 6.1414 4.3240 2.7412 2.2536 1.7686 6.6556 3.3022 -0.1529 6.6445 0.1350 2.6077 0.8492 5.8687 507.9461 0.0000 0.0000 0.0000 0.0000 0.0000 0.0000 0.0000 0.0000 0.0000 0.0000 0.0000 0.0000 0.0000 0.0000 0.0000 0.0000 0.0000 0.0000 0.0000 0.0000 0.0000 0.0000 0.0000 0.0000 0.0000 0.0000 0.0000 0.0000 0.0000 0.0000 0.0000
8.2198 1.4592 1.0625 5.7959 9.7221 4.0739 1.0963 8.7455 6.5949 5.0923 8.9595 6.6145 4.7784 4.7593 7.4254 1.3499 0.8594 1.6578 3.4378 4.6447 1.3964 2.1343 4.5369 0.1882 7.5493 2.6334 4.3370 3.0126 3.0254 4.7747 6.7824 3.5460 4.2445 0.0705 0.2543 7.0962 0.4690 3.4084 0.5654 2.0405 0.6171 8.2101 1.2796 4.9151 7.3684 2.8894 4.9142 4.9608 0.8663 0.3133 0.7374 0.5447 5.2251 1.6025 5.1226 8.1620 7.0867 6.3837 4.4210 1.5345 -0.7564 2.3787 1.3759 0.4116 5.9458 3.5833 0.4557 5.5356 1.4183 490.0411 0.0000 0.0000 0.0000 0.0000 0.0000 0.0000 0.0000 0.0000 0.0000 0.0000 0.0000 0.0000 0.0000 0.0000 0.0000 0.0000 0.0000 0.0000 0.0000 0.0000 0.0000 0.0000 0.0000 0.0000 0.0000 0.0000 0.0000 0.0000 0.0000 0.0000
5.8186 2.2477 3.0373 2.4599 2.9811 7.1636 1.5568 1.2066 5.9384 8.9800 6.1633 6.5092 4.9892 6.9399 8.5694 4.8942 5.0251 6.3294 8.3636 1.7691 5.4181 2.2568 1.8524 0.9020 5.5927 1.5720 4.2233 1.6151 8.8147 7.6297 5.4824 7.5911 2.9993 5.3988 2.7118 1.3971 2.9120 7.6213 5.0991 2.5484 0.0597 -0.1240 4.0450 2.5328 5.5116 3.0564 2.3698 0.4404 7.5994 5.6756 6.7959 3.1298 6.3832 0.7053 3.9063 3.2508 5.1412 0.8706 6.5602 7.9664 5.5163 0.7235 2.1413 7.8434 7.3040 5.5355 0.0854 1.7258 1.9849 5.4208 558.4594 0.0000 0.0000 0.0000 0.0000 0.0000 0.0000 0.0000 0.0000 0.0000 0.0000 0.0000 0.0000 0.0000 0.0000 0.0000 0.0000 0.0000 0.0000 0.0000 0.0000 0.0000 0.0000 0.0000 0.0000 0.0000 0.0000 0.0000 0.0000 0.0000
5.7477 7.9436 6.8435 2.8450 3.9644 9.1877 5.3991 7.8796 6.6481 6.8107 4.4680 5.4443 4.2445 2.6864 2.9428 2.3989 7.9708 6.2210 4.5579 6.6046 6.5637 7.8274 4.9356 7.3365 8.4715 4.1615 2.7083 4.3825 4.3851 8.0994 1.5315 6.0082 4.6546 7.5036 3.9049 3.9236 4.4754 7.5642 7.5118 2.0808 6.3522 4.5837 2.1621 7.2525 4.3635 4.7697 5.1388 4.0658 2.0213 4.2957 6.9536 3.4138 7.4592 3.8535 6.6851 7.4224 7.1387 0.7407 0.6904 1.6215 -0.6241 2.5674 3.5641 3.3425 7.0502 0.7750 5.9389 6.5219 1.7395 1.4187 1.3879 628.0051 0.0000 0.0000 0.0000 0.0000 0.0000 0.0000 0.0000 0.0000 0.0000 0.0000 0.0000 0.0000 0.0000 0.0000 0.0000 0.0000 0.0000 0.0000 0.0000 0.0000 0.0000 0.0000 0.0000 0.0000 0.0000 0.0000 0.0000 0.0000
6.4539 3.6863 7.5291 1.7211 8.8328 5.9205 9.3844 7.5984 1.0067 2.8779 4.6940 1.9580 3.4098 5.1146 1.1484 0.8409 2.9951 6.5682 3.1380 2.4465 4.0913 1.4659 4.6274 1.1430 6.4590 0.6487 5.3140 4.6532 0.8939 7.5442 6.9410 8.4878 1.0600 5.4449 4.8624 6.3874 3.1303 7.6940 0.8043 5.9871 7.6060 2.8575 7.7248 2.1975 4.1646 0.3712 2.5598 7.3665 3.7325 2.7061 3.4986 8.0183 4.6492 6.0541 3.3450 6.0717 4.5402 7.0225 -0.4184 1.7616 0.8431 6.4839 4.4123 -0.6307 2.4093 2.8903 2.4266 6.5167 5.7458 4.7998 5.3752 6.1004 549.2955 0.0000 0.0000 0.0000 0.0000 0.0000 0.0000 0.0000 0.0000 0.0000 0.0000 0.0000 0.0000 0.0000 0.0000 0.0000 0.0000 0.0000 0.0000 0.0000 0.0000 0.0000 0.0000 0.0000 0.0000 0.0000 0.0000 0.0000
9.3385 9.9139 1.3989 4.1367 2.7628 7.2041 1.2233 2.1151 1.3304 7.5430 1.4978 5.6711 5.4847 3.8321 7.2846 6.9820 5.6730 1.7527 5.2491 3.9717 3.3251 1.6612 5.3806 7.7016 3.5441 3.7345 6.5625 3.1803 6.8923 6.5521 8.3005 3.3336 7.2881 4.5265 8.7661 3.1288 0.1742 4.8089 1.2464 0.1599 -0.3445 1.5440 8.2489 3.7490 4.9126 2.6171 -0.2392 2.1850 1.5225 5.4399 1.2523 2.7078 -0.0615 0.7129 4.2288 3.9569 2.5862 -0.6110 1.8542 4.2727 2.7309 0.0475 4.5195 3.5069 4.5046 1.1300 7.8745 0.3524 7.4297 -1.0364 6.3933 6.3361 0.1651 518.7263 0.0000 0.0000 0.0000 0.0000 0.0000 0.0000 0.0000 0.0000 0.0000 0.0000 0.0000 0.0000 0.0000 0.0000 0.0000 0.0000 0.0000 0.0000 0.0000 0.0000 0.0000 0.0000 0.0000 0.0000 0.0000 0.0000
8.9030 5.1440 1.3319 2.5273 2.4965 7.6933 7.0187 9.1084 8.8792 5.8389 5.0238 6.3177 1.1984 3.1366 4.0184 1.2124 4.2863 2.5070 5.8767 8.0620 3.3729 6.7377 4.5836 3.9087 6.1217 2.1035 7.0134 4.1868 8.1614 -0.0163 2.2755 0.2364 5.3318 7.6210 2.3911 -0.1342 5.1106 0.1350 2.0596 5.2079 5.4385 -0.2887 -0.1807 5.3190 7.2638 7.6614 2.6219 1.2398 3.8599 3.8543 3.5349 6.2031 7.7709 6.0244 4.8189 7.8993 3.5727 2.6048 1.0181 6.0061 5.7235 3.5756 5.4658 7.5620 7.4974 5.1936 1.5085 0.5832 2.6283 5.7707 6.5109 0.9312 -1.0939 5.9029 571.8657 0.0000 0.0000 0.0000 0.0000 0.0000 0.0000 0.0000 0.0000 0.0000 0.0000 0.0000 0.0000 0.0000 0.0000 0.0000 0.0000 0.0000 0.0000 0.0000 0.0000 0.0000 0.0000 0.0000 0.0000 0.0000
7.9080 1.2297 4.6848 1.9170 9.5698 3.6777 6.0191 4.4644 5.8777 5.0820 2.7240 5.3106 8.0395 5.1231 1.4411 7.4245 3.3335 4.5129 1.8158 1.1731 6.8307 8.5461 5.8747 2.7148 3.3848 7.0216 7.2425 3.1998 1.1287 1.1575 4.5543 0.2909 1.3475 0.2081 7.8908 0.8359 5.6298 3.9283 3.0714 5.0740 0.5352 -0.0920 0.7371 4.7774 4.1270 -0.0311 3.2437 5.6765 6.4767 6.9774 4.1716 3.0910 0.6872 2.5673 6.4669 5.5832 0.3479 7.4386 -0.6449 3.5172 3.8025 6.6542 3.1055 4.7692 7.9981 -0.8181 0.7837 5.3244 -1.1605 -0.4215 5.7485 6.7978 0.4164 0.2621 3.7194 532.6438 0.0000 0.0000 0.0000 0.0000 0.0000 0.0000 0.0000 0.0000 0.0000 0.0000 0.0000 0.0000 0.0000 0.0000 0.0000 0.0000 0.0000 0.0000 0.0000 0.0000 0.0000 0.0000 0.0000 0.0000
6.8495 2.0175 5.2029 4.6536 2.6555 1.5107 5.3543 5.1934 8.6861 8.7343 2.2782 9.0790 5.3334 4.0690 8.4256 5.5504 3.7725 3.0322 3.4485 3.2469 5.6046 7.4205 4.9983 8.3165 1.6051 8.2400 8.6271 4.0377 0.6350 3.7454 4.3679 5.2738 4.8195 4.8725 8.5354 0.9563 7.3181 7.9151 5.9027 3.4274 2.2100 4.8811 3.8036 4.7146 0.5184 3.8286 0.8535 2.0927 7.2017 3.3814 1.8241 0.8088 3.3573 5.1752 1.6800 -0.6468 0.7298 -0.1508 6.7274 6.3903 0.4078 0.0300 1.2834 3.3126 7.4133 0.8324 7.1764 3.1251 5.5030 2.7531 7.4802 2.1847 1.4222 2.5362 3.4116 0.7394 553.9072 0.0000 0.0000 0.0000 0.0000 0.0000 0.0000 0.0000 0.0000 0.0000 0.0000 0.0000 0.0000 0.0000 0.0000 0.0000 0.0000 0.0000 0.0000 0.0000 0.0000 0.0000 0.0000 0.0000
2.4346 4.4188 4.7209 3.3581 3.6450 2.7247 1.9568 9.0451 7.3140 3.2524 5.3825 2.7546 7.9286 7.4338 4.3317 6.2487 4.5564 4.4581 9.0191 4.8100 3.3389 8.6195 1.8250 6.1523 7.2349 5.8378 6.5480 0.8983 0.3599 6.9890 4.8457 8.5440 5.8667 3.3134 3.3156 3.8096 1.7127 6.4057 6.3310 6.6803 4.1356 7.6538 4.1335 1.2561 0.2915 2.3690 0.0156 1.5354 1.4778 8.2963 2.1953 4.9296 0.7181 5.3780 5.6310 7.4527 7.7130 6.8446 6.8618 7.2771 0.9709 2.8901 3.2798 3.2226 3.3438 6.2277 1.2499 1.8998 4.0230 3.1775 6.1473 2.5193 1.0243 0.1024 0.6225 1.0205 4.9870 541.8838 0.0000 0.0000 0.0000 0.0000 0.0000 0.0000 0.0000 0.0000 0.0000 0.0000 0.0000 0.0000 0.0000 0.0000 0.0000 0.0000 0.0000 0.0000 0.0000 0.0000 0.0000 0.0000
5.5162 8.6406 2.9076 4.1925 6.7572 4.2190 2.7026 7.1243 5.6762 4.7166 5.9490 5.6608 1.0843 3.7519 2.9651 9.2584 8.6954 5.1954 4.6487 0.7468 4.3658 1.9163 8.2255 3.8253 5.0720 4.9918 3.4379 3.8863 2.6014 1.9335 5.2357 6.5848 3.0880 4.0856 6.6295 4.0430 6.7394 -0.1891 0.5908 5.0833 4.3052 7.7003 1.1084 3.8564 5.8410 0.7172 6.8635 3.0903 0.2733 5.0084 3.4062 4.7142 3.6756 -0.6593 5.2784 3.5648 4.6024 5.9545 0.8989 3.0958 1.1396 5.2191 1.7209 1.0869 3.7874 6.6655 6.4738 -0.0368 2.1132 -0.7118 -0.8141 2.3070 1.1935 2.9873 5.0630 -0.0938 4.4338 0.2879 539.0689 0.0000 0.0000 0.0000 0.0000 0.0000 0.0000 0.0000 0.0000 0.0000 0.0000 0.0000 0.0000 0.0000 0.0000 0.0000 0.0000 0.0000 0.0000 0.0000 0.0000 0.0000
1.7697 9.5968 1.4686 1.9945 9.2096 0.9587 6.6044 3.6164 5.6079 8.2882 4.6854 7.5060 3.4752 6.9269 7.9912 1.5490 0.5086 1.4904 2.4365 8.4200 8.3599 4.6684 8.4246 1.4375 7.3752 0.2247 2.3609 6.2217 3.0632 6.1780 8.4727 2.3348 3.1758 8.2305 5.9863 2.2434 -0.4042 8.5923 0.5012 7.2916 2.0493 6.9742 2.0980 3.4448 7.4687 7.1509 6.5445 5.8746 1.2928 5.1996 2.4458 0.0974 4.4781 5.9992 2.1302 7.3241 2.1319 1.1752 4.8290 -0.6009 3.3664 2.3197 -0.0142 2.3021 -0.9492 1.3882 3.9528 -1.3466 5.7150 7.1498 7.5911 2.6574 -0.5415 5.9443 -0.6103 2.7637 5.1309 5.9654 3.5555 535.4033 0.0000 0.0000 0.0000 0.0000 0.0000 0.0000 0.0000 0.0000 0.0000 0.0000 0.0000 0.0000 0.0000 0.0000 0.0000 0.0000 0.0000 0.0000 0.0000 0.0000
7.5739 9.7446 6.3103 8.0145 6.6232 1.8914 1.9687 4.3516 5.4136 7.7256 8.0835 5.3250 0.5683 8.2745 5.7378 7.4487 6.8705 5.4944 1.5850 4.9457 6.3535 6.6793 4.7499 4.2501 8.3985 0.6796 5.7395 1.7524 1.4722 6.5773 0.9135 1.7879 5.3204 4.7686 4.8856 8.3195 0.3065 4.3985 7.8202 2.1617 1.6028 2.5576 7.6637 3.0613 1.9635 0.4742 -0.2676 3.0448 0.0749 2.9829 4.3494 -0.1791 6.8416 6.1006 2.6662 3.0714 0.8351 7.3022 7.8135 -0.4470 1.8466 4.3212 5.8086 5.7972 2.4041 4.9552 0.7824 4.0679 0.7827 6.3567 -0.0740 -0.0373 3.7389 1.9818 0.1292 4.7093 0.2462 1.9679 -0.1497 0.2570 543.3631 0.0000 0.0000 0.0000 0.0000 0.0000 0.0000 0.0000 0.0000 0.0000 0.0000 0.0000 0.0000 0.0000 0.0000 0.0000 0.0000 0.0000 0.0000 0.0000
7.0074 3.0803 9.5560 5.7413 0.9795 1.7293 8.7511 3.3684 9.5023 2.2157 4.1013 7.1180 6.9892 3.2460 0.7123 5.1364 3.3758 5.7322 2.2305 5.6858 2.1864 2.3598 5.7733 0.5127 3.8198 -0.1444 5.7280 6.3491 8.1711 4.9690 5.3180 0.1136 6.8596 4.0474 3.1043 7.6686 6.2197 3.2824 4.3866 6.5040 2.7097 8.3415 2.5066 7.5958 6.2070 3.5593 2.4067 7.1268 -0.8410 6.3085 1.1846 3.2761 7.7341 7.2169 3.6819 0.5079 4.8706 -0.6941 -0.4100 7.1984 7.7266 7.0839 1.1882 5.8163 -0.3056 -1.0965 1.7312 2.8083 4.5933 4.1885 4.8438 5.5670 7.2718 6.0173 2.7493 3.2140 4.0521 3.3283 -1.4992 2.0207 5.8795 585.1280 0.0000 0.0000 0.0000 0.0000 0.0000 0.0000 0.0000 0.0000 0.0000 0.0000 0.0000 0.0000 0.0000 0.0000 0.0000 0.0000 0.0000 0.0000
6.1565 2.3813 8.6218 7.8173 1.4464 2.1824 6.5310 1.1760 7.1644 3.5662 0.9527 4.7071 1.7946 1.7168 1.0804 9.2678 3.3544 2.4150 7.4906 1.5829 5.0233 6.9989 5.9054 8.2646 8.7912 3.7503 6.9276 0.3873 7.0065 6.3455 1.9704 5.5809 6.6579 3.5425 3.5079 4.7344 3.9036 2.9682 3.2856 3.9980 4.8739 2.1815 1.3583 4.9809 -0.1187 -0.4596 1.5987 4.9921 2.6094 7.3780 1.0221 5.4919 0.8567 0.2928 6.4965 5.5832 -0.6121 3.7427 -0.8294 0.2728 5.4234 -0.7380 0.2743 3.1111 4.5049 2.1093 5.3021 2.3756 7.6329 7.2980 0.4767 6.9844 5.0218 -1.0765 2.3573 0.2569 4.0520 7.1358 -0.1177 0.2083 0.4655 -0.0686 503.0816 0.0000 0.0000 0.0000 0.0000 0.0000 0.0000 0.0000 0.0000 0.0000 0.0000 0.0000 0.0000 0.0000 0.0000 0.0000 0.0000 0.0000
7.9897 1.3088 0.9545 5.5880 7.8659 2.0932 7.4417 4.7560 5.8259 7.4540 1.7649 3.6634 1.6793 1.8757 5.5961 3.9639 5.4096 8.9947 2.1024 2.9032 2.5644 8.8662 3.8928 5.2801 6.3205 5.7062 3.2773 4.5113 1.0585 4.4879 6.5562 6.1182 3.5708 8.2093 1.8460 3.0740 6.2577 1.7955 6.4433 2.0612 6.2867 -0.0049 4.7825 2.0378 -0.2396 7.9330 1.6082 1.5689 3.5607 6.6174 4.9007 0.2750 4.7974 1.5807 0.3027 3.7100 7.0499 1.8575 2.2107 3.8231 6.9607 -0.8315 3.9293 2.9285 7.8093 7.0654 1.8344 6.5062 3.2598 3.3286 6.4011 0.1900 5.8540 4.1302 -0.3396 4.8432 0.0976 1.6830 0.9675 3.3817 3.1009 5.0886 -0.2867 542.6169 0.0000 0.0000 0.0000 0.0000 0.0000 0.0000 0.0000 0.0000 0.0000 0.0000 0.0000 0.0000 0.0000 0.0000 0.0000 0.0000
6.4735 1.2323 6.2388 4.9787 7.2028 1.4066 3.4338 8.9902 6.3564 1.5112 1.9177 5.0082 7.0530 2.3194 2.4531 9.3286 7.2488 4.7969 0.1828 7.3882 3.4668 0.6959 1.3816 1.0549 3.5427 4.1668 4.5718 4.4369 0.2440 7.6850 2.1156 7.6962 8.1082 6.5418 1.6398 -0.2469 0.4322 5.1577 3.3849 3.7400 6.0656 4.5204 6.9102 3.8266 6.7782 0.0333 6.5411 7.5876 5.4077 0.1089 0.9111 0.6969 3.7801 1.1555 6.1809 0.9027 3.8391 3.3002 5.2446 0.7488 7.4467 2.1341 1.2919 1.6343 3.6596 3.2187 3.2799 5.2133 -0.4393 2.5264 3.1787 7.5719 3.5959 3.5432 3.5353 0.7876 4.4386 1.2947 2.7924 -0.9199 2.3638 4.3447 5.7350 -0.1777 508.6166 0.0000 0.0000 0.0000 0.0000 0.0000 0.0000 0.0000 0.0000 0.0000 0.0000 0.0000 0.0000 0.0000 0.0000 0.0000
6.7716 3.8459 2.0982 5.8714 3.6391 4.6468 4.1451 5.7935 7.0016 4.2002 4.2207 3.1322 7.1659 3.9667 1.7333 6.1204 8.5938 2.7549 4.8429 6.1313 8.9908 8.5144 5.0801 3.2430 6.7705 4.5646 2.0225 0.1275 6.2914 8.5075 4.8080 0.8124 5.0870 0.2674 5.0039 3.2107 7.7181 4.1929 6.8655 4.6947 2.9971 7.7284 6.1466 7.3349 1.7944 5.4727 4.4119 0.1371 3.6267 -0.6831 7.6930 7.8479 0.9820 0.5741 5.8152 0.5782 1.8148 5.0545 3.7283 2.4343 5.5565 5.5873 6.1717 0.8557 4.2161 4.7804 0.2760 2.6585 0.2630 4.1272 7.0613 4.5804 2.3220 -0.5762 5.3857 1.3408 -1.1958 1.5636 0.9492 4.2779 1.3403 6.4362 -0.4359 6.9436 -0.2080 564.3179 0.0000 0.0000 0.0000 0.0000 0.0000 0.0000 0.0000 0.0000 0.0000 0.0000 0.0000 0.0000 0.0000 0.0000
7.2295 8.2875 4.4429 2.2113 6.4564 3.6690 8.0503 1.7169 5.1126 7.3248 2.3008 9.1576 6.0429 3.2810 8.2840 4.0997 8.5620 5.7723 8.0638 5.2384 3.3158 8.2980 1.5037 7.9320 2.9127 5.5964 5.1871 3.0427 -0.3068 2.4546 4.0736 2.7390 4.3681 0.8504 0.9550 8.0617 0.5218 2.8388 4.6306 7.6289 5.0366 7.3588 0.0914 1.8660 7.7781 6.1832 0.3475 -0.8155 -0.1762 0.4723 2.0779 3.7268 3.6920 4.2269 -0.0571 -0.7572 0.3041 1.3714 4.6492 0.1369 6.8513 2.0655 6.4692 2.1859 3.4676 3.7737 2.2710 6.4488 4.0664 2.7890 6.2210 -0.1071 2.0670 -0.0878 0.0784 6.4098 6.1598 6.1612 1.8106 7.0575 -1.0916 4.3925 2.9811 6.6951 -1.3584 3.9984 542.6549 0.0000 0.0000 0.0000 0.0000 0.0000 0.0000 0.0000 0.0000 0.0000 0.0000 0.0000 0.0000 0.0000
2.6827 8.6868 5.9002 8.3152 6.2520 6.6579 1.4997 5.1555 3.1693 5.4215 3.1124 2.9547 1.9933 5.3628 6.9637 5.2146 3.7525 8.0084 8.5556 1.9466 4.0603 1.0105 3.3958 1.8336 2.3107 1.8582 1.8031 6.8738 3.3855 4.8319 3.4730 0.8390 1.6741 4.8259 0.5695 5.2474 7.1269 4.8428 7.1414 7.9586 2.2051 8.5303 3.7371 1.2690 0.0638 2.9743 1.7322 5.5752 0.5794 6.2410 4.2475 4.9823 0.3195 3.6264 6.4210 6.9982 3.7745 6.9352 6.2591 7.3505 -0.0852 7.3129 2.3999 0.0324 5.0898 3.4272 5.9318 3.4771 5.8584 1.1182 4.0440 3.9803 3.0938 6.4464 0.7959 -0.6633 1.7135 1.0303 4.7604 3.9073 4.9652 6.0281 2.2308 1.9716 -0.3859 2.4127 4.8277 549.7802 0.0000 0.0000 0.0000 0.0000 0.0000 0.0000 0.0000 0.0000 0.0000 0.0000 0.0000 0.0000
1.0856 3.3753 4.7386 8.7470 6.0893 8.8198 7.6139 1.6760 2.9736 1.1632 2.3580 8.8945 2.8104 1.4283 7.9720 7.2191 0.6267 5.7267 3.7997 6.3083 0.4569 3.9546 7.3547 4.5310 0.0242 1.0118 0.9038 8.7378 2.3860 8.2159 8.2783 4.0965 8.0011 4.5213 4.1070 2.1707 4.6527 2.4268 7.8545 4.5095 0.2340 7.9709 -0.0285 3.4271 1.2567 5.8157 4.5908 6.3930 6.3096 1.7994 2.1532 -0.3477 4.3521 5.5982 4.1414 3.1641 2.7126 6.7417 0.1193 7.6525 2.0293 0.4435 1.2178 7.2360 4.6722 4.8936 6.7091 -1.2252 1.9532 0.2936 4.4853 5.6155 0.4038 0.1835 5.2659 -0.5319 -1.0140 5.0340 3.0321 6.5154 -0.8840 -0.0256 2.5044 5.9500 6.5856 5.8565 5.0809 2.2258 518.8166 0.0000 0.0000 0.0000 0.0000 0.0000 0.0000 0.0000 0.0000 0.0000 0.0000 0.0000
6.0656 3.0992 6.4174 7.2923 5.2995 7.6337 3.4403 7.1630 5.3505 8.6897 1.9677 4.2014 0.4672 5.8709 3.3084 2.4581 6.9697 3.5987 0.9677 6.8340 0.6914 5.0170 1.1052 3.1379 4.7719 5.5800 8.1682 8.7505 2.2877 3.3736 4.8061 5.5051 0.9112 4.4559 3.5482 4.8468 5.0213 4.1252 3.2741 7.2620 8.3114 8.4083 1.4438 0.3647 -0.4125 0.5954 5.7769 -0.2164 4.0114 3.5325 -0.0344 -0.2418 5.2166 2.1078 3.2497 0.0032 1.3992 -0.7106 7.9287 4.8418 0.1665 1.1354 2.7824 1.6139 -0.4610 4.7586 4.7724 4.0241 7.2357 3.0209 -0.2994 5.4715 4.1668 3.7140 0.6524 5.3370 4.1559 2.2524 7.5076 3.7957 6.5260 4.0563 2.3326 2.0927 2.6353 7.2475 1.7331 3.7954 6.2440 527.9734 0.0000 0.0000 0.0000 0.0000 0.0000 0.0000 0.0000 0.0000 0.0000 0.0000
8.6417 9.2775 8.0747 1.8932 5.7675 8.2779 8.0647 8.0558 1.1502 8.0442 7.3342 1.9041 4.9304 4.4998 2.5588 0.5060 8.6876 2.1686 5.0715 0.4953 0.6979 7.6896 0.6057 6.3380 5.1739 6.6844 4.9973 3.9586 0.3052 6.8246 6.7555 3.6513 5.5417 5.5811 1.4789 4.9266 2.4168 3.6795 5.8080 -0.5231 1.9302 4.3051 6.4367 1.3734 5.5012 0.6504 7.5264 6.1137 0.3170 7.4059 0.2314 1.4641 1.6687 2.0788 5.3129 0.4967 -0.8675 5.8490 2.8965 -0.8118 2.3570 3.4900 1.4184 -0.4253 1.9036 4.1754 6.9226 4.3298 4.0004 1.6400 3.0293 2.7936 3.5567 3.5989 2.0374 6.8211 3.3555 4.9715 6.1568 6.8458 -0.6147 6.0665 0.5824 5.3825 -1.2149 4.5022 0.4919 6.5254 5.3057 -1.6612 539.5996 0.0000 0.0000 0.0000 0.0000 0.0000 0.0000 0.0000 0.0000 0.0000
7.7893 7.4600 5.1577 7.1158 4.3554 3.9795 8.7390 3.8149 3.4725 5.6372 2.5234 7.3748 2.3270 5.8325 1.6152 7.4677 5.8186 8.9073 6.5992 4.1540 4.8641 8.1353 8.4147 2.6641 4.2033 2.3505 0.0198 3.0167 7.6014 4.3418 0.0741 -0.1545 3.9005 2.0997 4.5469 -0.2609 0.5529 2.9586 5.5028 6.6348 4.6209 0.0115 2.5780 3.1410 0.9696 5.3504 3.8248 3.6497 4.6767 -0.3342 7.2068 7.6306 1.6142 3.5006 4.0561 7.0806 1.3968 5.6692 6.0136 -0.1758 3.3304 -0.9717 3.3199 0.7742 -0.8108 4.1151 4.4532 -1.3739 1.5692 5.1354 0.9733 5.9779 0.8262 5.3648 5.0787 0.8268 5.7876 5.4894 -1.0994 -0.7891 1.3986 6.7571 2.9755 4.1215 1.9750 6.3958 0.5180 3.7088 -0.2540 4.6132 0.3252 524.5019 0.0000 0.0000 0.0000 0.0000 0.0000 0.0000 0.0000 0.0000
6.5605 2.4790 7.1366 1.4466 3.3602 8.4759 3.3463 3.3957 6.9251 8.0862 4.5830 2.5469 4.9934 5.8253 3.8599 6.1739 4.3287 6.0663 8.5818 7.1344 6.2535 3.7998 7.8698 0.6249 2.0358 4.8918 0.1583 5.5314 0.5427 5.5102 3.4713 6.9082 2.9488 7.0298 8.3025 1.7739 6.0491 3.8434 0.2673 2.8592 4.8778 1.0726 6.9506 4.8022 0.7585 1.1151 6.9332 -0.1237 3.8154 5.6734 0.1476 0.2623 3.3546 3.3412 -0.6629 6.3958 0.5965 7.6224 6.3031 7.3263 2.2457 0.2496 3.0874 1.8107 5.7113 3.8890 6.1202 1.6605 2.6533 4.8630 7.1918 -1.0047 0.3812 1.9740 3.1758 -0.1040 0.2484 6.8245 1.3538 -0.5402 -0.7407 3.3274 3.4490 0.5304 0.2970 -1.3004 6.6816 1.9734 2.7721 6.0305 1.7514 6.0833 522.6580 0.0000 0.0000 0.0000 0.0000 0.0000 0.0000 0.0000
6.2406 7.9587 5.2122 8.0129 2.6982 9.0728 3.8163 8.0642 8.8361 8.6978 5.2593 2.6536 1.7946 3.8642 6.7151 0.3523 6.9580 0.1985 0.8770 7.8305 6.9659 7.2653 1.0758 6.4671 4.9175 5.2258 8.7969 8.6894 6.3664 3.3958 1.4726 6.1379 8.6573 6.9048 2.8127 0.5477 2.0730 2.4466 -0.1831 5.3248 -0.6071 1.1127 7.3637 4.2032 -0.4834 2.4184 -0.1490 6.3986 0.1960 5.1584 3.8851 2.6976 -0.5367 4.9508 4.0166 0.2648 4.0003 4.8677 2.7459 4.4204 0.4451 3.9745 0.7196 0.3107 5.4533 2.5696 6.1053 3.2907 -0.6019 6.4196 0.9444 0.4976 -0.2253 3.4698 2.1487 6.8376 4.0156 1.8176 0.6119 2.4194 -1.3747 0.8495 -0.0584 4.4964 2.2784 -1.2579 6.3062 2.9290 4.6399 1.5633 1.3916 5.6897 1.8950 525.7064 0.0000 0.0000 0.0000 0.0000 0.0000 0.0000
5.2300 2.1729 5.1219 3.5976 8.9706 9.0483 1.0035 6.4439 2.7040 6.3808 5.4804 1.1880 4.9337 3.5984 4.7122 7.4745 7.8821 3.8458 6.1938 0.2854 1.1575 2.9481 8.0134 5.8861 5.3114 2.4051 8.2716 7.9154 1.7402 6.6270 1.4996 1.7457 1.1903 5.6090 3.9644 7.0688 0.3538 2.6448 8.0585 7.9605 5.2573 5.0536 4.6882 5.7984 1.2997 6.9215 7.5189 -0.8547 2.8957 1.1199 7.8681 2.8407 0.0116 -0.7749 3.9520 4.3841 2.9885 7.9670 6.9324 3.7395 1.0077 6.9508 4.0065 2.5850 3.6883 4.3308 1.3587 4.3010 1.3146 -1.1603 3.8762 -0.1996 4.4184 2.9670 2.3391 6.7702 1.4887 3.8591 4.8539 0.2730 0.5269 4.3948 0.8118 2.1553 6.8177 2.7400 5.5565 4.0225 5.2494 6.9407 2.2660 5.4478 1.0425 4.6837 547.9370 0.0000 0.0000 0.0000 0.0000 0.0000
9.5003 2.2315 4.7497 9.7053 5.6006 4.2062 2.9351 3.2297 3.3378 7.6531 2.3683 7.5534 7.8634 3.3995 2.7030 5.7025 4.8184 1.8099 7.7963 2.8321 4.7959 4.6883 3.0135 0.2523 1.9009 7.2880 1.4650 8.1014 6.9878 8.4204 1.4557 8.5292 2.1407 6.9413 7.9932 4.1803 1.8381 1.4620 4.2076 6.3620 1.9701 4.1111 1.9719 1.9526 0.3574 1.0396 6.5958 4.7138 3.6399 5.3767 0.2143 5.9726 4.5902 6.6825 4.3855 0.4166 5.4450 0.3027 3.7560 2.7118 2.1292 7.9082 6.8640 3.2722 5.9894 1.6603 -0.2986 -0.4865 3.4130 5.4847 -0.4661 3.1418 0.8849 6.8020 1.1094 4.5888 -0.3631 2.6803 1.3799 3.5888 0.0625 -1.1402 1.5346 5.0421 5.1394 4.3931 4.9373 4.2917 7.1408 2.4622 2.0560 -1.3886 7.2028 6.2202 3.2330 543.4227 0.0000 0.0000 0.0000 0.0000
5.8938 8.2199 2.4882 7.3201 8.0776 0.8897 8.3350 7.3267 1.4945 2.6366 0.9110 5.4011 5.4590 8.4022 4.7975 5.2266 2.9170 3.2036 9.0429 8.0426 0.6301 0.3594 0.6579 1.3318 4.1073 1.4639 1.2663 0.0670 2.7296 0.8725 6.3746 7.3433 1.4739 6.0099 2.0385 0.8643 6.8277 3.1765 5.2223 1.3416 8.5502 7.9976 1.6815 3.5160 2.1385 7.2403 2.1106 4.9209 -0.4010 5.1942 5.3244 -0.4755 0.6155 4.1095 8.1340 3.8883 3.2844 1.7853 5.5485 3.3354 0.2546 1.4824 4.6185 7.7743 7.4908 -0.5416 0.4254 2.1992 6.7487 7.2275 7.4629 2.2413 2.6813 1.4800 2.7058 4.9856 6.0379 2.4365 2.2853 5.4292 0.6207 -0.1533 1.2547 5.1206 1.8854 2.0473 6.8942 -0.2967 5.0255 0.1519 6.9413 -0.0544 5.7040 3.4266 2.9743 5.1316 528.5450 0.0000 0.0000 0.0000
2.4366 8.0053 5.2601 5.5486 8.1936 3.1817 9.2990 1.1866 3.2353 9.3112 6.0201 9.4554 4.7012 0.6567 7.9284 5.9190 8.3485 8.2914 4.7957 4.5354 0.8318 0.0249 7.4590 2.5293 7.0634 7.6468 7.2622 6.1975 3.5780 1.8873 7.3004 3.7507 3.5245 0.1800 3.9187 7.1581 8.0765 1.8704 3.4692 4.2343 8.3392 1.7507 0.5120 5.8946 -0.2570 3.9550 5.9805 5.5257 7.6379 2.9807 2.1131 4.1597 5.6071 7.5156 6.4116 1.6431 -0.8089 7.3951 7.8141 4.6989 6.8407 1.5339 0.9398 5.2957 3.5145 -0.8816 2.2705 -1.4684 7.3938 -0.9326 6.9972 7.3963 6.6031 1.1393 -0.8594 -0.4391 0.8038 6.5503 2.6058 5.7505 5.7004 5.1331 -0.3812 0.1716 3.5240 -0.7870 0.8279 0.7626 6.4080 3.6776 -1.5281 0.0419 1.7024 3.9473 5.8054 2.5298 5.2557 583.1162 0.0000 0.0000
9.6152 9.8978 4.1301 5.1410 1.8885 8.8619 8.9100 6.2109 3.6511 8.8704 5.2715 6.9342 8.5866 2.8672 3.4924 1.5468 8.0759 5.4200 7.6612 8.2747 0.6768 0.7066 4.1306 7.2684 5.5869 6.2380 1.1876 8.0474 7.6233 1.0381 1.3453 5.3624 3.0660 5.2981 2.3917 2.8163 4.8451 5.7261 2.5068 7.0899 0.6335 3.4635 2.4850 1.5978 7.9074 0.3372 -0.1741 0.6259 2.5170 1.0556 4.7599 -0.5715 3.8134 1.9726 1.6378 6.5583 2.9616 -0.1151 0.9224 4.4919 5.6627 0.1683 4.6353 3.1675 1.7229 4.3997 0.2854 -1.4534 -0.8141 0.2211 7.6471 6.3800 0.3756 5.9565 3.4583 6.4600 -0.2769 6.2617 5.4368 2.7170 6.2327 2.3250 0.2456 1.6331 -1.2142 2.0782 5.3294 5.7539 2.2356 1.8677 0.2679 -1.4803 3.2103 5.9471 7.5643 2.6798 6.8113 1.5820 551.3314 0.0000
3.0307 5.5682 5.7290 1.8435 1.9649 7.9570 8.6705 2.0392 4.3627 1.7505 7.4597 2.4752 1.4200 5.7098 4.0081 1.9155 6.7351 0.4463 5.8448 4.2632 4.0947 8.0655 5.2141 2.0785 4.5877 3.8248 3.9531 4.0623 4.2659 -0.2401 5.1204 3.5024 6.4288 2.0312 8.2489 5.0768 5.8376 1.9751 -0.3618 5.6804 4.0191 2.1455 5.6087 1.8765 2.7791 7.2401 3.2384 0.0534 6.5446 7.6057 4.2270 0.5858 4.6840 3.7209 5.6790 3.2967 2.8188 4.4111 2.2270 7.8517 1.3268 -0.0650 7.1721 3.5838 1.7996 -0.5123 8.1587 1.2474 2.1997 4.1013 0.9861 2.1472 6.1983 5.8663 5.0838 2.0203 0.1963 4.5329 3.3978 4.9711 0.4010 -0.5727 0.8875 2.5727 0.8724 3.7652 2.2964 6.4687 2.0108 7.0191 3.3187 6.5904 0.3478 -1.1014 6.0534 5.5992 5.2908 4.6684 6.0075 525.4164
