556.1286 1.8717 6.6918 4.6435 8.1634 7.7070 1.6601 7.1886 2.1983 5.1367 8.8167 2.1710 9.3129 9.0578 6.0839 1.1208 2.3406 8.6273 2.2390 5.0745 5.3264 3.0886 2.0578 5.3097 6.4289 3.9804 5.1447 4.3695 9.1843 5.8172 3.4582 5.7743 6.7145 4.0166 3.4283 8.3899 2.7856 7.4469 9.1122 5.9265 7.2273 4.2500 7.1255 2.8791 7.6840 7.7180 2.7074 9.0309 5.3290 3.8556 8.3404 6.7711 1.8676 2.7428 2.3594 7.5092 1.4911 3.3329 7.4754 7.3965 6.0862 1.5137 5.2679 7.2321 5.6087 8.2753 6.4275 9.8681 7.6774 3.9585 1.8515 2.5747 9.2999 9.5187 4.0772 5.4497 8.4481 6.1612 2.5534 2.8178 1.1667 3.2597 8.0527 4.2373 2.3844 7.8770 7.3914 8.0874 9.2983 9.6516 7.8495 5.1839 1.8663 7.0791 8.6525 4.1849 4.3675 7.9473 4.2340 9.4049
2.8408 523.7444 3.3695 6.6598 8.4227 1.6907 5.4112 9.0247 8.7564 5.8950 5.8934 1.1284 3.4104 2.2515 9.0556 1.4903 5.0361 1.5937 4.4729 8.8363 2.0957 7.8591 7.7955 2.9950 5.2643 7.6273 7.2303 1.8839 1.7444 5.7624 7.1827 2.9938 4.8798 8.6603 1.8274 9.0020 1.0019 1.4811 3.1183 2.7317 5.6827 9.8552 4.6911 3.0668 4.4357 6.7291 4.5190 2.8001 5.2609 9.8764 9.1519 3.2039 1.9944 5.8875 8.2303 5.8007 8.7598 2.6415 4.7965 8.0414 6.3746 9.6590 8.7819 1.0971 7.1700 4.0374 1.0013 5.2798 3.6657 2.2456 1.8239 9.5998 9.0088 6.6632 3.1194 4.8764 4.6643 9.9260 5.5319 1.5268 6.7058 7.2075 1.6790 6.9609 5.2085 3.6279 6.9293 9.9174 5.4741 5.7571 4.0442 7.0763 4.4058 2.2110 7.8355 1.4433 6.0592 4.4404 5.1639 3.2211
4.2227 8.2692 543.3132 1.4676 6.9830 5.6866 1.2675 6.3869 7.2011 6.9604 4.5409 6.3778 4.9984 2.0745 3.2674 2.4222 6.8492 8.2835 8.9134 3.5501 9.6817 8.4766 8.5354 2.1122 5.5315 9.7825 7.7770 5.3057 8.6717 3.9813 6.9384 8.0875 3.2486 4.5774 3.6080 6.2164 4.3441 9.6333 4.7108 1.8504 9.1362 4.1646 8.2423 2.2364 6.1572 8.7081 4.4923 1.8879 5.1761 2.7659 7.8739 6.6868 4.5309 2.5349 3.7696 6.2846 9.4518 2.3557 4.9438 4.7732 8.6601 9.1107 2.1327 3.4668 4.7064 5.4290 5.6578 1.8139 3.3221 7.3509 7.4938 3.4453 9.1760 4.9915 2.6013 2.1100 8.8343 4.2509 7.0716 4.3639 9.3892 7.6611 3.4205 4.3548 1.0038 7.3390 1.7769 9.7391 4.0073 2.1813 3.4763 2.3904 4.5774 6.6261 7.4302 5.8423 8.4885 5.1190 2.8366 7.1170
9.7387 4.5447 2.7857 540.2443 7.3809 9.5833 1.2827 2.4298 9.6301 1.7795 9.5657 2.2172 3.7495 5.7202 9.8249 6.5464 6.4597 8.5441 8.6370 5.0834 4.3297 9.6946 4.3110 6.8606 9.9451 4.2679 3.0924 9.2657 4.6577 5.9541 2.1488 9.0405 5.3217 1.1189 2.2608 5.6944 6.8546 3.9507 4.0188 7.1155 1.3677 9.5586 1.4487 7.6096 5.2590 4.1783 8.5698 3.1162 6.7726 5.5243 2.6744 3.2180 4.8968 9.9477 3.6792 6.9122 8.9810 5.1992 6.4308 3.1758 7.2412 4.5502 7.3527 2.0002 9.8017 4.6504 4.9187 5.5211 2.3771 4.0966 1.6817 5.7983 9.2918 5.5901 2.0499 7.8396 6.6339 6.9075 4.0883 5.6035 4.4663 2.3249 7.7633 1.6455 5.6729 8.1620 1.8988 7.8961 5.3469 2.7657 2.5873 2.5011 5.4107 6.5927 7.5775 5.4582 2.7007 1.5461 3.0417 9.4149
1.0136 9.5450 9.5872 1.5950 539.0433 6.2030 7.5837 7.2603 1.7162 1.8763 9.9969 1.6097 2.8752 5.9284 2.0497 8.2815 6.9868 9.8341 7.1381 4.4084 6.8021 4.7513 5.3280 4.0972 8.1300 4.2379 7.8144 3.7883 1.8798 6.7989 2.5751 2.2063 6.1051 9.7410 6.4673 3.9202 4.6687 1.7997 9.2266 2.6936 4.1210 3.2317 3.9299 8.2672 3.3565 3.7123 3.9186 3.0052 7.7041 4.0928 7.5474 8.8698 7.8196 5.3936 4.9726 1.3848 9.0014 4.8871 5.2309 1.0566 6.7361 7.2238 6.4449 1.6297 8.6380 6.6775 6.1502 3.8931 9.3778 6.5696 3.0801 2.0449 6.1734 7.7623 4.1354 1.9214 4.6450 5.1687 8.6379 9.2623 8.7905 1.8299 7.5439 1.2590 4.7968 7.0185 3.2342 2.1135 7.9313 8.7735 3.5829 7.0547 8.3541 1.8030 4.2540 9.7220 8.0130 1.7270 1.2738 4.5333
2.8133 7.2430 2.6839 6.1340 8.0564 531.4794 7.1823 7.0192 1.9593 3.0815 6.3414 3.8966 4.8063 4.9549 5.5908 8.4919 9.5490 3.6176 3.1377 2.6914 6.6428 2.9083 8.6901 7.9823 3.4048 4.0549 2.1871 9.4943 2.6445 6.4896 5.0368 6.2818 9.9343 3.5835 3.3926 8.4177 3.1739 8.0656 4.7314 7.0368 8.6159 4.3480 6.0887 7.1687 2.8140 5.3535 8.0336 2.4820 1.8116 7.5456 9.4266 3.2773 9.6189 4.4569 3.0973 8.3846 5.9117 1.7232 5.4552 7.0508 1.8186 2.5451 2.4347 8.5268 3.0996 4.5107 3.9883 1.9674 6.5705 3.8705 5.3576 2.6771 6.5643 9.3934 1.8991 8.3895 8.6661 5.9386 1.9256 1.3742 7.2784 2.5318 8.1042 9.2942 1.1004 6.2660 7.5083 1.7341 7.8318 7.3316 3.4175 9.5884 1.6726 2.6860 2.5307 4.4089 2.3360 6.2183 8.2390 6.9581
4.5629 5.2253 7.0953 9.3831 2.3037 3.0596 566.1117 9.9821 3.5482 9.6492 5.1695 4.2723 2.4651 6.7460 4.9102 5.1700 3.8315 6.7913 3.5344 9.9931 8.1191 1.8950 6.0184 5.8074 4.5327 5.5256 1.0559 3.3081 2.5350 8.5867 7.2118 9.7629 4.0649 7.5585 9.9674 7.1723 2.1106 2.4054 8.7052 4.8300 6.7208 2.0866 2.7436 6.7487 7.2851 6.5326 6.0634 5.0528 6.4139 8.6567 1.0850 6.7849 3.2012 4.0657 4.3135 2.9891 5.3961 5.9322 1.8234 9.3539 5.0624 3.1311 8.1019 9.9166 7.0661 4.6301 6.1324 4.0766 9.1697 2.1257 7.5310 3.5849 7.3882 6.6531 8.4667 3.2278 8.0010 5.1999 3.5671 6.2899 6.8806 8.7629 2.3266 2.4465 7.9654 5.2895 6.7189 7.9352 4.9474 7.8758 9.9388 1.6690 7.3923 2.4860 6.5111 3.5697 7.7346 2.1890 5.9016 7.4030
4.3776 8.9634 4.0932 5.4944 7.3629 2.5252 1.0379 559.1901 7.6816 3.9626 8.4967 3.3203 8.1476 5.5293 7.4768 7.8971 1.4622 4.1853 1.9264 1.0938 8.6792 3.8595 1.2102 4.8315 3.2268 4.8826 7.4777 9.3016 9.9140 5.3021 6.3074 6.8681 4.1351 4.4034 9.2042 1.0206 7.4108 4.2492 8.3529 9.6265 2.7973 9.9857 5.1419 1.4021 1.2738 3.0401 2.2543 8.9878 3.0443 8.3281 9.3458 3.6221 4.0156 2.0954 8.2199 8.4587 9.4626 5.9441 9.3309 8.6694 3.9406 6.7124 8.8478 7.2103 6.1099 6.4665 6.5860 3.5107 8.3906 3.9665 7.2958 8.0240 4.2355 6.5776 8.4105 7.4202 1.0351 1.8768 9.5885 8.5252 3.0282 7.3567 6.9853 8.3350 6.0561 2.0881 2.2718 1.9498 1.2158 1.6182 8.4631 9.5566 1.6868 6.5437 1.0047 1.7119 7.5271 8.1690 5.7673 6.7311
5.3728 4.4688 3.1942 3.2043 6.0504 2.1660 6.8639 9.8637 538.8600 5.0104 2.7015 2.3538 9.8363 5.6454 9.6298 1.1321 8.2509 9.1632 4.1971 6.6189 5.4003 3.3116 1.1846 8.9556 5.1579 5.9016 4.1447 2.3407 6.5115 3.2023 2.8821 1.4609 1.5028 6.3361 6.5925 5.1344 1.8692 8.1823 7.7037 9.7445 8.3374 6.7546 8.8406 3.5306 5.3827 4.2293 7.5177 3.8798 6.2203 4.9093 8.5102 1.9994 4.8191 6.1299 5.4425 3.3836 3.0444 8.0979 6.1578 4.7741 3.8883 4.8340 7.8876 6.0593 5.7404 9.8523 1.0790 2.0374 6.9810 7.9484 4.3970 5.5693 7.2258 2.1660 8.4616 9.1549 9.1260 3.8971 5.3884 9.4549 1.4592 5.1147 9.9132 5.8305 3.6615 5.4439 1.5478 1.7549 6.3384 6.9007 5.1595 9.8921 9.5208 5.9788 6.6698 2.1246 1.9368 1.6856 1.9157 8.4610
6.4129 8.1462 6.1995 9.1800 5.9901 8.4174 8.9040 2.7072 8.9437 625.0193 4.2014 8.7474 4.4988 8.9112 7.4828 5.4391 6.3460 4.1025 3.7101 7.9293 5.9425 7.0463 3.6960 8.0589 3.9509 2.8520 6.8158 4.6855 8.6835 5.1697 5.1433 6.7930 9.9789 9.5087 3.3439 6.1526 4.5426 3.4100 7.1671 5.5656 2.3825 5.0621 6.8564 6.9329 8.9307 9.0609 2.3260 8.6317 9.5586 9.8058 6.5910 1.1568 2.8902 2.8505 8.5470 2.9222 3.5143 8.3216 4.8917 2.8238 6.7276 6.7458 8.9368 7.8553 3.5648 1.4696 9.0712 9.6672 5.1498 8.9879 3.4767 2.4949 5.7874 3.6945 4.8349 5.3330 7.0681 7.2826 8.3687 5.0334 7.7446 8.3361 9.9493 3.4568 7.8387 9.5379 7.6905 6.1761 6.8890 9.5472 9.5097 3.9940 3.6922 5.7005 2.3641 4.1267 9.4385 3.2033 6.6295 9.2338
6.2530 8.6150 3.2659 8.1576 6.2808 8.3395 1.7611 5.8028 2.0316 2.3198 533.8680 7.6459 8.6689 2.9793 9.4015 1.6450 4.0495 6.7906 9.9450 1.7248 3.3366 4.9709 5.9349 5.9265 3.2859 5.3753 9.0033 6.8632 5.9466 9.9289 2.1554 1.3654 9.6978 8.4078 2.5057 4.4871 1.6763 9.3696 9.9374 9.7465 2.7738 7.1830 2.0471 6.6456 1.2189 3.1545 4.1891 7.6365 9.5179 1.7619 9.7829 2.9663 5.6947 4.4128 6.7161 9.4494 7.1551 2.9212 3.3477 9.4829 7.8030 2.8453 3.7677 2.6433 2.7683 7.8579 3.0818 9.1926 2.7614 4.8727 3.9058 4.2110 6.9833 7.9617 1.7084 9.5685 1.5103 9.3005 7.0563 1.3587 2.4560 4.4184 4.9391 4.0546 2.8688 3.9605 9.4433 7.9963 7.9582 2.0980 1.6195 7.1032 5.3781 9.8223 2.0480 5.7827 2.2269 9.2744 2.6178 1.7356
9.2720 9.9035 6.3515 4.0034 5.2694 3.7168 5.2986 4.6698 4.9251 2.0574 9.3638 547.0107 2.8762 6.5569 3.8800 7.2703 2.6057 7.1004 6.3234 8.0363 4.7749 8.0780 7.3176 7.6738 3.5949 3.7578 5.4406 5.4893 6.8287 7.6333 9.1893 5.9254 7.7558 6.8652 6.8231 4.7305 4.7690 9.7837 3.6524 5.9850 6.9583 2.8197 2.8640 3.3325 8.3763 5.1495 6.2601 1.5579 4.4239 1.8558 8.6759 4.3664 4.4078 6.6075 4.5778 6.2880 4.2628 8.9847 8.0966 5.7696 3.3299 2.6356 9.9732 9.1720 4.0018 4.0665 4.2236 9.4465 6.1445 3.2571 8.4316 7.0735 2.7828 4.4061 2.4399 3.3395 5.5516 3.4015 3.7075 3.8113 9.2260 6.0292 4.5932 6.4007 1.0126 6.2144 3.0459 2.4296 7.0558 1.7795 3.8213 4.5691 4.5221 2.7065 2.4010 9.9675 5.6503 1.9851 9.1293 9.7806
1.2715 4.1721 7.7147 7.4454 4.7565 2.2208 8.3570 6.2612 6.1338 8.7737 2.2099 5.0661 551.5933 1.5495 7.9277 1.4509 6.1033 3.5222 9.2412 6.8046 4.6566 3.7450 6.6279 5.8255 7.2814 9.4678 5.5258 1.5234 5.7056 5.3640 3.3633 7.2300 2.3472 7.5394 2.2227 4.1089 2.2641 8.8229 9.9326 6.9207 3.4939 8.5340 3.5739 7.1444 4.9200 1.7325 6.5786 5.1672 5.9058 1.9608 5.2141 1.5699 2.8470 7.6140 4.1204 2.0095 5.9108 1.6480 7.0899 6.4822 5.5544 8.5677 5.2531 2.8069 5.9204 9.6034 9.5398 4.7866 5.4992 4.2929 9.6756 4.0266 8.2034 7.3106 5.9554 9.8563 2.1781 1.7886 1.9983 4.5332 7.9951 9.4549 9.6577 7.8900 7.4743 3.0653 2.7225 5.0148 9.7440 1.8961 8.6756 7.7532 2.4885 8.5229 7.3799 1.2263 4.8563 2.3544 5.5376 7.1151
3.4726 1.7606 8.9919 2.6391 6.1695 1.4153 2.7871 5.3155 3.0911 8.2443 7.1122 2.7385 4.5093 507.8080 4.2252 2.1409 1.0515 2.8881 6.3782 9.5049 8.0846 9.2455 7.7867 6.7295 2.7081 7.9684 4.0056 3.4930 1.1951 8.2419 5.0213 7.5173 1.9338 2.8456 4.4445 3.4344 5.6868 1.9615 1.2067 2.8366 3.9322 2.7459 2.2962 7.3848 5.4483 2.3852 7.5469 9.5547 5.1200 3.4572 4.8686 2.7857 5.6123 2.3259 1.6708 1.3425 9.0036 2.0387 4.4236 4.5677 4.0712 7.1432 8.4559 9.5780 4.1604 7.5128 4.9463 7.7676 8.1679 5.3040 3.4579 3.3085 6.0131 1.2695 1.4558 9.8328 8.8423 9.7406 8.1856 4.9404 8.6221 9.3596 3.4925 7.6501 9.2303 1.9958 6.1494 4.8043 4.8294 1.2566 2.9352 8.0349 2.2389 9.0146 6.2173 4.3876 9.9919 2.5976 4.2024 2.2297
9.5168 2.2254 9.2831 7.6129 6.2284 5.7887 2.9124 7.3385 7.4157 5.8584 9.9982 8.2514 4.1040 8.3224 490.9213 3.5631 2.9904 2.2547 3.6308 2.1766 3.6147 3.0275 6.5512 2.8743 6.8414 8.4989 1.2687 4.8763 5.8976 6.3672 6.8374 6.5985 1.3425 7.0162 1.7634 2.4387 5.2529 1.7011 6.3052 1.4128 9.6765 2.3405 4.7068 4.8555 3.8458 7.2094 1.4033 6.1208 1.6725 5.7500 5.9697 2.5807 2.2059 4.5969 6.5648 7.8358 2.2171 1.5539 3.2515 8.8540 6.6212 6.9387 3.1263 4.0436 7.5639 2.6638 5.8967 6.9599 1.1599 8.5221 6.3968 6.2949 2.4495 3.5090 6.6663 5.8555 5.4850 5.1050 8.9099 4.9902 7.9824 1.4723 8.0811 8.6873 1.9194 5.0049 3.0418 5.6910 1.6579 3.5276 2.2493 2.1457 2.2286 2.7748 1.7092 2.9071 4.2679 7.9751 7.7172 5.8979
3.8614 8.0840 8.0476 2.3021 4.7541 5.0926 6.6316 3.1931 8.7332 4.6993 4.6323 9.8737 3.3139 4.2551 4.0460 547.5166 4.6097 3.7466 7.0490 8.9371 8.4994 5.4536 1.3588 3.5612 1.5345 5.6348 4.4269 7.1754 9.1859 5.3808 7.1305 9.8028 4.3595 7.9206 1.9418 9.3558 7.4525 1.2445 9.4642 3.1405 5.1909 3.7797 1.4931 5.5638 8.6016 5.8295 3.2636 3.7838 1.4154 2.3474 1.3148 5.7309 7.3988 3.8448 2.5870 9.4309 2.5528 7.0819 5.0382 6.7809 2.5798 6.7095 6.0583 1.4372 7.3534 9.9754 2.7152 3.3765 7.1718 7.7654 8.9930 4.1680 9.7683 9.7797 8.9494 9.2958 9.9887 1.0915 6.1538 8.6172 4.2538 1.0110 7.8413 3.4370 5.6901 1.7247 3.9336 8.5347 8.7772 1.8775 4.9790 5.0434 2.4664 7.2076 7.5141 1.5455 5.5345 1.0814 8.9930 6.0465
8.6867 1.0888 1.7759 4.8370 1.5448 9.3571 9.5950 1.3221 7.0634 9.7811 5.3347 9.9697 7.1800 9.6546 8.5163 6.3158 542.7360 3.5549 3.1428 2.9932 3.3388 1.5329 1.0220 1.5203 6.3477 9.9238 1.2961 2.0748 1.9459 8.3705 7.9744 2.8269 3.7002 6.7981 7.2697 7.6458 4.0932 6.0288 1.6800 9.6384 4.6498 2.7212 2.6529 6.9394 1.3418 1.9791 2.7961 9.2771 5.8364 3.4874 6.0519 3.4571 2.3739 3.7926 2.1007 9.8843 5.6397 8.0678 4.9259 7.1335 6.7308 1.5228 9.2520 7.3178 9.0923 9.0740 1.2910 8.7561 6.4470 6.3272 4.4380 4.6039 2.6995 6.9779 9.8639 4.9868 5.2165 8.7522 3.9169 7.3084 8.7223 3.9039 9.9846 2.1076 8.4593 9.7607 6.8415 3.2950 1.5970 3.2709 6.1772 7.7895 3.7383 6.7907 3.2377 7.1412 8.6786 1.2176 4.4326 4.2982
6.8776 3.9693 1.9563 6.3977 9.4402 6.8469 9.9256 8.2987 6.7463 2.3852 8.1957 2.4683 9.9587 1.3329 5.1779 6.3144 8.0626 568.4467 5.4836 9.1408 7.7867 9.1879 8.1725 2.7479 7.0049 7.8556 3.4146 5.2253 6.0601 2.9363 4.3455 9.6280 7.8690 8.1351 3.9631 3.3053 1.7138 8.4394 4.2235 8.8485 7.4412 3.4972 3.8237 9.7285 1.0291 8.3614 8.7918 6.7786 4.7670 4.7492 7.8769 1.6319 2.5451 6.1773 1.0614 1.0710 3.0848 3.0777 1.4831 8.6496 7.9567 9.8507 6.6040 5.0503 2.2719 8.5084 2.8452 8.3641 2.9689 4.9931 9.4414 3.7917 4.1766 1.8319 7.2783 5.5158 3.7953 3.0138 2.8408 4.0595 6.9118 1.2635 9.7779 6.3926 8.6395 9.4466 3.3935 9.5015 9.6506 2.1902 7.1881 1.7864 4.6562 7.7228 6.8232 6.7622 9.3376 6.6340 3.1660 1.7278
2.6165 9.0853 4.6673 2.8346 3.0797 8.3390 4.4405 4.8367 9.3267 4.8439 8.7559 5.8931 3.9993 5.0813 3.1962 6.1793 7.8366 5.1690 548.6095 3.7938 2.3125 4.0646 5.1457 8.5231 4.8198 7.7604 5.4715 3.9550 6.2642 4.4398 6.9868 4.0823 3.9666 5.6294 4.5041 3.2650 8.6437 6.5041 6.1934 8.1252 1.7391 5.0811 8.8304 5.7458 3.6294 7.7206 6.3008 6.2067 4.0422 5.0357 5.0159 7.4209 6.3122 6.2677 2.1092 8.9598 3.8464 6.7480 4.6797 5.9873 9.2733 4.9916 6.6106 5.3779 9.0275 4.5110 3.8537 4.7349 1.6148 6.6889 4.0797 7.2418 3.8183 5.2316 8.2890 5.8824 2.3879 7.5857 6.7312 4.0400 4.0396 5.2491 1.1645 5.3733 9.9538 1.3164 4.8680 6.2004 2.0077 7.5224 5.6426 8.2618 7.4852 3.8111 9.0954 4.6886 5.5025 4.4858 3.8944 7.8356
2.1462 4.2012 4.9808 9.5356 5.3328 7.7438 1.4529 2.8519 8.1496 7.0040 3.2218 2.6526 8.9327 5.4541 9.3038 4.3763 9.9530 3.7294 7.0741 552.4676 2.5711 8.9269 4.4167 4.2496 5.3301 9.6919 5.2632 5.8277 6.2643 7.9476 4.6260 5.4859 1.0503 4.8175 3.0359 3.2873 3.7177 3.6736 6.3549 4.0288 3.3278 3.3325 6.6093 2.3251 4.3110 5.5023 9.1608 7.9561 2.6307 1.2404 6.9612 2.1163 4.1505 9.5984 1.6505 7.4101 3.6654 4.2022 5.4896 7.1431 8.9958 1.1602 6.6796 3.5106 9.9903 9.5692 8.2397 2.9935 5.8652 1.6514 8.3018 2.3052 9.1647 4.5696 3.7800 5.6561 4.4762 5.0813 3.7883 4.2440 8.6401 8.1584 3.3861 9.4292 5.9187 4.9152 5.3832 5.9476 9.4834 2.9299 5.9403 8.6446 1.7651 6.0290 1.0597 9.6554 3.2527 9.0710 9.7964 8.8377
2.3746 5.7136 6.7570 5.2472 7.5112 2.7442 1.5597 8.0021 6.2289 4.8286 8.4456 9.2828 1.0623 8.4588 1.5932 1.4618 1.2854 5.8582 2.8558 1.2079 545.3868 5.6890 4.8060 5.9873 6.9163 9.2945 1.2125 2.3908 4.3197 8.0362 4.5091 8.7113 3.8967 6.0935 8.6128 8.2846 4.4557 7.7899 1.9205 3.7107 7.7133 5.5680 6.0814 8.9838 9.3667 6.0543 9.9404 8.1357 9.7802 7.4029 1.3633 3.4428 3.4704 4.9804 4.7961 5.9413 3.4883 2.5139 6.2806 9.9054 2.1689 8.3751 2.0972 3.7685 2.7380 5.6288 2.6461 1.0329 8.6580 7.6967 8.6218 5.4473 2.8406 3.2726 7.7184 2.8321 3.5304 7.4552 8.5729 4.3435 2.5703 3.0224 3.2854 9.4448 6.4001 2.3505 1.6429 9.7636 5.7048 4.4288 7.3829 9.0595 7.6402 9.6938 7.1507 4.2909 9.6205 7.5592 2.7897 1.1255
5.5686 7.5272 8.4892 3.0976 4.9905 9.5079 7.3587 7.1994 6.4976 9.7410 6.3943 2.2742 7.4818 2.3535 4.7005 3.1829 6.9185 6.8501 8.3133 2.7200 3.5704 555.3884 5.2557 4.4830 8.9342 5.6385 5.6972 5.6766 6.7616 8.3665 4.5991 4.3441 8.8829 1.9958 7.7295 6.0562 2.5695 7.7872 8.9341 2.4067 3.6042 1.7626 2.4725 4.6791 5.2216 5.2079 2.7846 6.1348 2.3834 3.4505 5.9160 5.3575 8.4322 9.5578 2.1290 3.9703 4.3781 8.2709 8.5432 8.6517 6.8588 1.5215 4.6205 5.1539 8.9133 2.3552 5.2919 6.6763 5.6569 4.3531 7.9863 3.4634 9.2701 4.2138 3.9178 2.8386 7.1530 3.6878 8.3667 9.2761 3.5423 4.8028 6.6618 4.3632 7.1355 8.5428 1.1365 4.3405 5.8048 8.5355 1.8787 9.5122 8.5481 2.1340 9.8233 2.6824 4.9849 1.5960 3.9524 8.8713
5.3047 5.9949 5.7233 9.4094 7.7570 4.4446 2.4162 2.4581 4.9782 5.7758 2.0914 4.5753 9.6793 6.9438 7.3803 6.6756 9.1474 7.6576 4.0119 6.7631 9.6949 5.4469 565.5482 2.3883 5.3918 1.9521 3.3279 6.6418 7.7223 1.3749 5.6652 2.7558 9.5888 5.3357 1.0745 7.2492 8.8933 2.9267 5.2800 7.4951 6.1693 1.9619 8.4367 7.3899 5.6901 4.1676 3.7752 9.2003 6.2777 9.5282 8.2973 9.1556 3.5936 9.6103 6.9330 1.9371 1.5771 7.0500 3.8381 7.6296 2.0854 6.4273 8.0668 3.3334 7.6410 4.1275 7.5890 5.6810 3.2903 3.4603 9.4955 1.0720 9.3558 2.8764 3.2557 1.6838 2.1930 5.9870 9.9101 1.9702 5.7372 3.0308 9.1314 9.1705 7.6550 3.1790 1.4867 6.5610 9.5555 9.8491 3.9633 9.5531 9.4597 4.8500 7.1617 1.4236 5.7006 4.1413 7.7443 1.8568
4.8803 6.5091 6.7321 1.8429 7.2878 9.3719 3.9890 5.7722 1.1632 7.0926 1.2997 7.4212 5.2878 5.5402 5.2035 7.3091 5.7810 8.9972 8.7424 8.7186 2.3674 9.7324 5.5985 541.9992 9.4136 4.4325 3.8429 7.3915 9.4476 8.8451 2.2871 4.1521 2.1601 5.1421 3.2780 3.2606 3.9092 7.1472 1.0681 4.9692 3.1906 1.9710 6.7687 4.0069 7.3147 2.2618 2.5837 8.7051 8.0949 9.9386 8.3937 4.8712 2.8127 7.4837 5.0556 8.7813 3.2609 2.8013 8.6313 7.8326 8.4541 9.7054 3.4353 1.9004 3.0642 3.2781 7.1079 4.5552 1.5544 2.2111 7.9794 6.4504 7.1979 4.8009 7.0322 9.1914 8.5365 2.5324 1.2507 2.9875 4.2841 9.0946 1.5054 4.8371 9.7548 1.1261 9.5651 7.6016 8.0142 9.0968 6.6488 1.4205 1.1095 5.2987 1.5469 4.9618 1.5600 4.9992 2.7694 8.3580
7.1282 5.2711 5.9174 8.1583 4.5309 4.4712 2.7778 3.3877 9.2340 1.1293 5.4684 2.2526 7.7075 2.1416 8.8817 6.8776 8.6135 2.1672 9.5789 2.7857 5.4220 1.9144 2.0098 3.2956 535.0303 6.7802 4.2559 6.5126 5.2747 8.4678 5.2291 1.8309 7.3123 5.2284 1.3025 9.2914 9.5362 3.5731 8.8489 4.1493 2.8004 8.5486 7.4115 7.6127 9.2133 6.5811 6.3607 6.1906 4.6898 3.1341 6.1398 1.3961 4.5500 2.5503 1.1533 6.4828 5.1961 9.6324 8.4526 5.7599 4.8355 6.4601 3.5345 4.5570 4.9346 6.1651 3.0497 7.0688 2.4781 5.9604 8.7908 1.5317 4.2493 2.0331 3.9851 5.1114 4.2575 4.1407 9.7846 9.5460 8.1735 8.0060 1.4185 7.4234 3.5891 3.3711 3.5460 1.7584 1.1320 4.5945 6.2879 7.9908 7.4666 1.7594 5.2546 1.1120 9.9252 6.8016 7.3642 9.0733
6.3088 6.9199 6.7566 3.2057 1.4543 3.0942 5.1735 6.5934 7.7579 7.1276 4.5155 7.1999 2.8260 3.4788 9.4978 9.1729 7.9221 6.3330 1.9555 1.0766 1.5299 8.1327 1.2104 9.0509 5.2737 502.8535 3.0193 1.2105 8.7665 5.9292 8.4622 5.2422 3.5195 4.4134 1.6701 8.2344 3.8968 3.3344 3.4764 4.9988 1.7477 7.2588 8.5016 4.7821 3.9583 2.7216 9.7590 8.3647 4.9872 8.7696 1.5726 7.0454 9.1862 1.7782 2.5835 6.3090 3.9668 5.1705 1.2911 5.9131 6.0708 8.3578 6.9666 9.0853 1.6084 1.3077 1.9720 8.5522 5.4813 6.3864 2.4350 7.0337 9.2086 4.5074 2.1986 6.9206 9.4509 9.8709 1.5063 5.2264 9.6473 2.7992 3.2335 1.3359 5.6535 3.4521 3.4291 4.4608 5.1441 3.3961 2.1908 1.6115 4.5657 2.0888 3.9389 1.3758 2.6156 5.1064 7.2049 4.2525
6.6863 6.7181 6.3325 4.6541 1.4700 6.0721 8.8758 1.7734 2.7668 8.8252 3.9785 7.4258 5.3588 7.6701 2.8700 1.7959 2.9432 7.2236 7.9552 4.9295 7.8521 2.7286 8.2705 9.7070 8.7073 2.7363 561.9860 9.3590 4.8908 4.9917 9.7782 8.3700 4.7557 6.2630 6.3678 8.2711 5.5589 7.8388 5.2577 2.5609 8.1330 1.1472 7.4295 3.4900 7.1717 7.6891 4.3890 2.0986 2.2809 2.9726 2.8939 9.0820 9.4226 6.1721 9.0279 3.8793 1.5952 4.3786 3.7586 6.2105 4.9837 4.4771 4.3333 6.6981 1.3246 6.3679 7.6679 4.8136 5.5482 9.8539 6.7710 3.4019 8.7903 4.3749 3.5110 8.6982 5.6002 9.6460 5.1337 2.4874 7.8767 2.5427 6.3344 4.8567 8.3751 3.5626 8.9552 2.1416 5.6050 5.8702 4.8390 3.8817 3.4988 1.9454 9.2413 2.3682 7.2055 7.6111 5.9151 1.2396
7.7494 5.1413 9.5071 8.4499 1.9898 9.3922 8.7554 4.1781 1.9847 3.1859 6.0898 4.0184 4.1024 9.3055 8.0229 1.8298 7.2054 3.9967 2.3916 4.6686 6.7714 7.1738 4.9783 4.8923 9.8817 1.4438 9.8250 552.0556 5.1545 9.6006 1.6399 2.0299 2.4157 1.0565 2.6588 9.5576 7.2906 3.2598 9.9642 5.0401 3.0620 4.4346 7.1621 2.6549 4.8893 9.3222 4.3277 4.9502 6.2553 1.7332 3.1033 6.8956 8.1906 7.1970 8.8497 1.1337 4.9194 7.7742 6.4292 3.2025 3.2580 4.9408 2.4395 1.6247 2.7896 8.4719 5.2519 9.1568 6.5611 9.6214 4.3703 7.5496 5.1130 7.6729 3.7376 1.4731 1.0193 3.9776 4.2682 7.3188 6.9397 9.5505 8.2630 7.4582 7.7059 7.6482 1.2261 6.0765 5.6868 4.9492 5.8600 6.4706 8.3463 3.0670 6.3420 5.8662 3.9141 5.8071 3.0759 7.1704
5.4852 3.3984 7.5196 7.4354 3.1992 4.2515 7.5644 5.0186 2.8163 8.8184 4.9725 1.9335 9.9783 7.8196 3.1693 3.9503 9.0143 4.6350 7.0260 7.8674 6.8364 3.6984 2.8858 1.4615 8.0270 5.9924 7.6606 1.9668 560.3879 3.3716 3.2682 5.8529 8.0913 2.7183 1.3587 2.5296 8.4957 5.4332 7.7806 2.2775 6.8618 5.2776 3.8423 8.6527 4.4919 5.3675 8.8598 1.6849 3.3479 7.2870 8.5872 4.0621 1.3250 8.8869 3.3178 5.5233 8.1632 9.6890 3.7699 9.8701 7.1329 1.1235 1.7630 4.9014 6.3368 7.3897 2.0440 1.8979 5.6428 9.7104 9.9979 8.9663 7.5201 2.3931 1.2765 4.0155 1.8342 8.7897 7.6346 5.6468 8.9678 3.8332 4.5543 7.5166 3.5625 1.8873 7.5096 8.9910 8.5280 1.8197 8.7259 3.4482 6.5604 7.4092 8.1703 7.9585 3.3500 8.4024 8.4698 7.9555
1.3691 5.9133 5.3182 4.0564 4.1564 1.1146 5.3326 7.5520 2.7506 5.8176 8.0510 2.9510 8.2156 6.5238 8.3848 2.5893 8.4067 7.7293 8.6074 5.2979 4.0498 5.1141 4.1895 5.0900 4.0761 9.2334 5.6914 1.5657 1.9290 527.8294 4.3203 5.7659 1.9632 3.1092 1.3511 1.8921 6.3757 2.0464 2.2045 4.7873 4.7141 4.8050 7.5146 6.1710 9.6665 2.9683 1.0866 1.2864 3.5624 5.4289 9.7096 7.7855 9.9204 4.0210 7.4008 1.2238 3.3533 4.7068 3.6422 6.9151 8.8380 3.8009 4.0135 1.1787 8.7325 7.3788 8.5253 9.8008 4.3387 9.1948 6.2875 9.0047 8.6574 7.1147 7.4314 9.7318 2.3450 2.8832 8.0328 2.7177 2.4591 6.9962 5.2474 2.9814 1.6552 1.4747 5.2284 4.6444 8.9480 5.0542 1.9325 3.0380 1.9011 7.4938 2.8435 9.7445 2.1435 9.7648 5.6635 9.0839
1.6286 4.6052 9.3680 8.9986 4.5991 5.9815 6.7181 7.0297 7.7763 9.7185 9.1982 2.9209 9.3473 5.3735 7.6777 2.3220 5.7790 8.9017 3.1148 4.6967 7.8312 1.3891 4.7110 7.5796 8.5320 1.4528 4.3908 3.4385 2.1782 4.0096 523.0849 7.0423 2.0531 7.3228 8.9794 6.8610 5.8761 3.7816 2.7449 5.8476 6.6473 3.6950 6.0926 2.0276 4.6602 1.9983 7.7069 2.4189 9.4554 2.6813 4.3632 7.6720 6.8076 1.5119 1.6752 2.8110 5.7166 6.5316 2.6417 3.3977 6.1828 2.8153 7.2182 9.0081 8.4417 3.0650 6.6071 5.0386 2.8919 7.4732 4.6025 4.2343 5.7870 1.7438 3.1802 1.7449 3.3433 9.4461 5.1990 8.3913 4.3437 1.5855 5.4584 6.5442 3.1518 3.4682 2.1618 4.6665 5.0037 9.7435 4.5102 9.9217 3.9801 9.4829 9.0838 1.7654 3.5347 2.0500 8.7519 1.6165
9.2296 8.2768 2.0989 2.6805 8.5518 1.7398 9.3367 4.9731 1.7414 6.5859 6.3182 1.1742 6.7992 4.6379 8.1747 6.1194 8.2425 6.9534 3.0942 2.7683 4.1478 8.1169 8.8180 5.8974 5.1646 2.3906 6.4608 2.8079 8.0620 9.7234 1.7016 512.9845 3.4150 4.9663 4.3053 5.7633 9.5849 1.9329 1.8736 2.3246 8.2447 3.1400 3.8406 9.4197 1.2360 7.5391 2.3493 1.8273 9.2084 2.6719 3.5714 8.3896 3.9984 4.2976 8.6578 2.8392 8.0609 7.5477 2.5607 2.0079 1.3505 2.3630 3.6461 1.9718 8.5108 9.7396 1.8793 2.7972 5.7271 7.9972 4.7838 9.0277 4.4917 3.5374 6.4572 8.5200 6.1525 5.6338 4.6217 3.0023 4.6974 7.5582 2.6918 6.1628 9.5900 1.4562 6.1523 3.8189 4.5271 6.0966 3.3674 8.8139 5.0644 4.7324 1.1832 1.6263 3.5846 6.6220 4.5965 8.0243
9.8451 9.4555 9.0930 7.0216 8.4228 2.8564 8.4572 3.1363 6.7260 3.5395 4.5985 1.6810 2.8171 2.5376 9.9457 9.7519 5.9981 2.1637 4.7080 9.6706 3.8808 2.4708 8.7766 8.2478 8.2009 4.3529 4.9277 4.1628 1.3100 4.2780 5.3666 9.8163 519.3524 5.5365 9.7315 4.2987 2.3059 2.6149 4.2987 4.8185 1.3647 2.2183 1.9081 3.4005 4.0829 1.3261 6.0263 4.8580 3.9697 3.0387 2.3990 4.5260 3.3707 2.8856 9.2858 4.7010 1.9319 9.7650 1.4553 4.1756 3.3672 9.5703 9.3968 8.5061 5.0225 6.2909 1.3884 6.3663 9.7746 7.6212 9.3751 3.2370 1.0447 2.2320 3.5304 8.3384 3.5399 8.0600 8.7658 3.1848 3.6445 7.5008 6.1507 2.6098 4.8858 2.1150 2.4234 8.1586 2.8114 6.9833 6.3535 7.7148 1.0691 7.2433 1.9973 8.9833 1.0380 4.4214 4.7908 1.3750
3.1773 2.3679 1.1239 1.9138 6.4561 6.0231 4.6984 1.8787 6.6184 5.5429 1.3315 8.5912 5.3433 8.4949 7.4869 7.6033 1.6648 9.7119 9.4057 9.2010 8.4071 4.5544 9.7913 5.4219 2.6176 2.7689 5.8327 6.6107 6.3877 4.5418 8.7521 7.8871 7.5538 555.8873 8.4761 3.8011 7.6824 1.8554 7.7879 4.3802 8.0947 4.6469 8.0837 7.1932 3.6421 3.7392 5.2203 6.9664 8.6345 9.6897 3.6448 4.0769 2.3126 6.8451 3.5730 4.2275 7.5129 5.4689 4.8886 6.0434 2.4641 9.7101 1.1366 6.4661 1.7396 3.7959 2.0642 9.0990 8.3984 7.8001 2.7882 8.5098 9.6515 9.8998 5.1703 9.8714 9.5299 6.8433 7.1805 3.4556 1.3739 4.0419 7.6700 7.2059 5.0908 6.4746 1.5867 4.1436 6.2036 2.4803 3.1577 1.2391 3.2296 8.2400 8.0791 7.2505 2.1756 3.6380 3.4116 3.4559
5.8392 2.0674 9.4672 3.0005 4.9167 1.8644 7.7238 4.9949 7.6926 6.6850 3.1676 8.1063 6.9015 6.3095 7.8692 2.7217 9.9685 5.0021 6.2939 8.1017 2.5865 8.1715 7.1933 8.2664 2.1544 1.0030 4.3711 7.3229 3.6539 2.3246 7.6874 1.2716 4.5781 4.8875 532.0398 5.8595 5.9113 7.3779 3.6286 7.5292 3.1774 9.6682 8.0608 7.3433 4.0958 4.1469 4.2411 8.7319 4.0461 5.1820 5.8219 1.9379 1.1061 6.6068 7.4087 7.1934 9.3015 8.9366 7.1159 4.7088 6.0199 7.6260 9.5028 7.2874 6.5101 2.6419 6.5358 9.7242 8.9928 4.9227 3.0019 1.0072 2.9040 1.7401 6.8853 3.4607 4.1570 4.2902 1.2203 7.2103 3.8695 5.6388 7.1342 2.2395 4.4692 2.2226 9.0928 5.7399 6.3424 1.5580 2.4746 1.5609 4.6007 1.4963 7.8961 4.1730 9.6258 4.7264 2.7475 1.0841
7.7728 6.9839 8.5125 4.7711 9.8720 9.2168 3.9403 8.1625 9.6728 8.8150 6.3273 1.0040 4.6947 4.8357 6.0165 7.3380 3.3200 2.1933 3.1090 3.0807 6.1148 6.5759 4.4801 9.1429 4.1001 4.0319 2.6190 4.0935 5.8902 7.8244 9.6860 9.0243 6.5636 4.1110 5.4790 526.6666 2.9913 2.3136 6.2409 1.5193 2.4190 2.8978 2.3532 4.8706 1.9027 7.5028 3.9927 8.9563 8.7645 9.6722 9.7466 3.6773 3.4639 1.2941 5.1442 6.1443 3.5952 7.7623 6.4747 6.0600 6.5284 1.0908 2.7317 9.8571 1.4752 6.7229 8.2465 3.9060 5.5678 2.8341 3.6660 3.1273 2.0491 7.2068 8.6799 7.4424 2.2448 1.1000 6.5060 1.3699 5.1874 4.7789 1.9489 1.0964 1.4293 2.9809 6.3511 8.0928 6.1107 3.0338 6.6814 7.0591 3.9377 4.3243 9.9937 5.7362 4.1965 1.2035 9.2337 9.3005
8.9201 9.5501 2.2869 5.4798 1.4816 6.3648 8.3653 4.6163 1.5804 5.8580 7.4421 2.7280 3.2933 9.7862 4.0371 3.5872 4.5899 8.9485 4.6797 4.9476 5.6471 3.6934 8.9443 1.1224 2.1143 3.4051 4.5388 3.1866 7.7277 4.0239 4.1586 9.1166 4.5576 8.2628 1.3165 8.6686 502.6969 5.0001 3.4717 3.0174 8.9130 4.0317 2.7063 1.6338 2.9359 9.2303 5.1676 1.6616 6.2530 2.4054 7.3915 9.1642 3.2339 9.5248 7.2506 1.4288 2.4944 8.6905 4.6262 8.2577 7.6088 1.0321 3.0295 8.0807 7.3428 3.5333 1.9472 2.9353 1.9588 2.6954 2.4109 2.2441 5.4646 8.6051 4.7389 6.5829 7.7761 7.1792 6.3231 3.0067 9.4437 2.6905 1.0093 4.4890 1.5754 4.7585 8.7584 2.7445 3.6730 8.5880 8.8306 4.6569 5.1032 1.8113 7.7798 8.5307 2.0150 2.0294 2.1335 5.7640
9.1295 7.4535 2.5708 8.9358 4.3345 5.6037 2.7890 6.1641 4.9168 1.5410 5.1704 4.5331 3.1460 3.8438 6.1868 8.7937 4.9670 1.8069 1.0545 5.1193 4.2367 1.6385 6.7417 3.2776 5.6120 5.2428 8.0303 7.5987 8.6148 3.6264 4.0238 3.7140 1.1764 1.9659 1.0491 7.7518 3.0740 528.4977 9.1015 9.1220 4.4303 3.6808 8.7349 1.7318 5.8402 2.5588 3.6413 3.4449 7.2956 2.7821 2.1313 8.8960 8.9508 1.0263 1.5118 7.4427 3.9846 2.9184 2.8744 3.3304 8.3567 9.3547 9.4707 1.0171 9.8757 6.6213 7.1861 9.7916 4.0819 5.7698 5.0714 4.0720 6.7729 8.0701 3.5122 2.2709 6.4209 5.1288 4.6597 6.8927 2.0944 9.6557 8.7169 1.9576 8.4320 3.0546 8.9927 6.1399 9.9190 9.4285 3.7770 4.6933 6.8053 8.8444 6.5996 7.3219 3.8657 5.6065 4.1480 1.7958
7.8210 2.1493 3.7971 6.4727 5.8585 6.7733 7.8631 8.9290 2.6376 2.6248 5.7282 6.8919 8.5287 1.1323 6.3930 5.1532 5.9365 3.5406 4.4194 4.7040 7.4694 5.7308 2.4286 9.8836 2.5003 2.4467 7.8581 1.0407 5.4724 5.7143 7.4341 6.5152 3.6883 8.5047 6.9591 9.0188 2.8960 2.9520 571.3665 8.9626 4.0291 8.0844 1.7892 1.3530 4.7163 9.7252 3.5150 2.0849 9.4879 1.7479 6.3156 8.5824 6.3272 9.3016 9.3379 6.0834 4.7217 2.5702 4.4748 4.3800 8.1249 6.5870 7.5341 6.6571 2.4872 3.9489 5.8186 9.6607 8.6907 7.5425 4.5399 7.7294 6.9773 9.4200 7.0718 8.3024 3.1213 5.0719 4.3013 6.8270 1.8602 5.4020 7.4814 9.2362 1.9225 4.0757 2.1434 2.2074 5.9032 7.5074 6.6371 7.1915 9.1144 7.7882 9.4262 5.9049 2.1532 4.1119 4.4950 7.2143
3.7448 8.4795 8.0482 5.5297 8.4401 1.4902 6.3486 6.3434 4.5628 4.5594 8.0445 8.5900 1.9841 2.8716 1.1732 9.5063 2.9131 1.6823 8.6316 1.8710 7.9008 3.1833 8.2522 3.6898 6.6391 9.9878 3.1044 2.6007 9.2534 9.9196 9.1607 1.3204 4.9978 6.2094 3.5473 2.2985 4.6018 3.5781 1.3601 512.2172 3.5117 5.9458 2.8688 4.0576 4.2337 3.7299 9.4496 6.2555 3.8257 5.3526 7.3238 1.2087 5.0837 6.7604 1.7699 1.4619 2.6418 5.0320 1.5437 8.2876 5.3363 4.9703 6.5334 2.8651 1.1884 3.6941 8.7802 9.9298 4.9543 9.2614 7.0192 1.0913 6.8963 5.4930 7.2760 9.0481 1.7579 1.4549 1.1925 9.8482 8.3072 4.7438 4.2776 1.3399 3.7668 1.2353 7.9893 7.9580 6.7199 5.4741 6.4445 6.1424 2.0518 1.2872 1.7041 2.3697 2.6447 6.8783 9.8078 8.8381
7.8325 3.3570 6.8550 3.2859 2.5691 7.3413 7.3636 5.5457 6.6037 5.9791 6.6963 7.8302 1.9630 8.0270 2.1337 1.7632 5.7885 4.3080 9.2352 8.5317 2.3443 9.2857 2.8758 7.8741 3.2725 2.8477 7.5355 1.3125 6.1043 7.0683 7.6081 8.0772 6.0473 9.3933 9.9722 5.0119 4.5523 3.0750 9.2995 2.5481 571.5573 7.3487 1.8017 3.4128 7.4792 9.8302 3.4390 8.0739 6.2203 9.5646 3.1716 8.5535 9.6666 5.5542 8.0569 7.4708 9.5870 3.5262 9.1561 5.4856 6.0954 4.8737 2.7184 1.4632 2.1494 8.5876 1.1103 9.7304 8.6660 5.2097 7.4332 7.2506 6.2311 9.2335 2.3509 3.1336 3.4699 1.3637 5.4301 4.7634 2.8064 4.0730 5.2073 4.2460 5.4105 9.9763 8.8269 1.8244 6.2928 4.4991 8.6386 2.2755 4.3011 2.8960 5.3211 1.1942 8.6282 8.3757 3.7706 5.5906
4.4132 9.4745 5.3954 6.3520 3.0483 5.9474 2.9568 3.5209 2.1687 2.9064 5.5171 9.7612 1.1400 2.4293 6.6170 7.4701 3.0737 5.6692 1.0305 3.5628 6.3189 1.3467 9.3454 8.9946 9.3083 8.4584 9.2677 4.9808 7.1755 3.9373 4.0790 5.8170 4.8188 7.2136 8.5616 9.2912 9.8355 3.1228 2.9292 6.5194 5.6683 545.1034 1.1156 8.0825 6.4211 7.2038 3.4876 4.4761 4.6089 8.1347 6.9063 2.3726 5.2289 4.9218 6.1784 1.0023 7.0406 4.4674 3.4467 6.8513 5.4837 7.3915 5.4555 9.1868 5.8744 4.2041 8.7501 8.0727 8.4666 3.5396 4.0544 5.6192 4.9467 7.3692 7.9911 3.4852 3.0839 4.4310 6.7925 5.1104 3.9431 1.2744 1.0086 7.3518 1.6919 1.4659 2.6891 9.0435 3.7071 6.6815 5.3934 9.5821 6.7885 3.7136 1.6211 5.7109 4.3726 5.8288 8.5331 8.8517
3.2298 5.5982 8.0282 8.6467 4.0916 3.6939 9.0810 7.9268 9.4352 5.9683 7.7798 1.3954 9.5221 3.9573 9.5517 7.7064 4.3058 6.0364 8.9117 5.4574 5.8310 8.3986 3.7895 9.1264 3.7550 1.9178 1.0522 9.3951 6.7349 2.8724 5.8529 4.9249 2.0196 2.5440 7.1364 6.1710 8.8159 4.6490 2.1473 9.0917 6.8355 7.4519 592.8875 8.4677 3.5095 6.7248 7.9952 5.8604 1.7280 3.6786 6.2022 1.5155 8.0834 6.4581 8.4148 2.2797 9.5450 6.2041 8.7309 6.6530 5.3735 9.5480 6.2661 1.8843 2.5910 3.3930 1.7766 7.4855 3.2136 4.9935 1.7351 6.5564 9.1643 8.2871 5.5245 8.4899 9.5346 5.9251 8.6880 5.3742 8.6946 2.8481 9.7283 8.8326 2.9922 5.2795 2.0964 6.1748 5.4873 8.0600 3.8190 5.4345 8.5895 2.0338 9.4299 5.3446 5.9628 3.8803 5.2073 5.6634
9.3999 3.9638 2.2475 5.3611 1.0479 3.7525 7.9663 1.7397 1.8482 8.9078 8.3098 4.1107 7.3515 2.6223 2.5012 5.3730 3.5651 2.9928 9.6135 6.1276 2.5196 5.4776 5.4516 1.9016 4.1114 4.9865 2.1159 2.4062 5.9872 5.4058 4.4062 4.1238 7.8210 7.8841 4.8843 5.6500 9.6991 5.4711 3.7847 5.2794 4.6278 8.8285 8.3481 518.1693 9.5553 6.8112 8.2820 7.9977 9.8788 5.2048 5.0907 1.1866 3.4219 2.9186 8.2132 4.9979 2.2588 9.2627 9.6733 3.0276 4.5234 1.8994 4.8241 5.5111 7.0792 6.8258 7.9587 5.6717 9.1650 4.2121 2.3317 9.6870 2.9767 2.4463 4.6559 2.9583 2.4099 3.6030 4.8601 5.6712 7.9397 2.1370 5.7191 1.5447 5.9095 2.5942 6.2127 4.5397 1.6726 3.3158 5.7635 1.4811 3.8594 3.3316 1.8840 9.3630 7.0685 7.0024 6.7334 8.2815
7.4062 8.7190 5.0533 8.3377 4.4115 2.4627 7.7509 5.3343 8.0856 2.1098 1.1719 7.1185 3.5027 8.0652 9.1551 4.0368 1.0478 9.0245 6.6828 4.5608 8.5744 4.4938 5.8086 7.8587 4.5718 9.4428 3.0386 8.5482 3.9703 8.1843 7.5956 3.0334 8.7982 9.6033 6.9687 8.8236 4.3525 7.4423 5.7537 9.8677 1.9327 2.3018 8.5722 9.6681 603.8410 7.8115 9.3443 9.4197 5.5284 5.9246 3.2594 8.7363 5.0961 4.4075 5.2677 1.3945 2.1704 9.2200 2.0891 1.5042 6.7324 1.3657 6.8537 2.3676 9.0347 4.1582 9.0035 2.4925 8.4046 7.0009 9.9808 5.2295 9.7954 3.7614 9.4344 3.3640 7.2512 6.0903 4.2570 3.3502 3.0070 7.4236 6.0018 4.6124 4.9959 6.4605 9.5198 2.2175 9.5259 9.2468 2.9339 6.1538 9.3216 2.2412 4.5534 1.3873 8.9284 6.1016 9.9136 8.9800
8.1050 6.5293 2.7037 5.4674 7.4670 6.3191 1.2207 9.7529 1.8333 2.2617 3.9451 5.6977 9.8743 2.5032 4.9049 3.2308 6.6259 6.5335 5.4975 7.9115 7.9168 7.8118 9.3559 6.6584 1.5051 2.8917 6.8145 3.9071 5.8028 9.8640 7.2702 4.6998 9.8896 8.4896 6.0814 8.5835 4.2311 7.1009 8.9394 2.2722 1.3620 8.1831 8.7388 9.6845 4.1860 564.1232 8.0122 9.5586 4.4452 4.4800 1.9404 3.5427 3.1591 5.7226 3.1490 4.3416 4.2693 5.1972 4.4010 5.5070 1.9074 7.2861 1.1124 2.8356 7.3098 1.1433 9.4094 1.8796 2.4961 9.3780 1.7871 6.4597 6.3199 5.3678 1.2437 7.6741 1.5713 7.7526 4.0297 9.0095 7.9565 9.1704 8.6783 5.5965 6.9217 7.3359 5.4028 7.3402 1.5778 7.8551 1.8178 9.5407 6.0522 7.8815 8.0958 8.4833 5.8963 3.6462 5.5536 1.2986
2.7029 9.8776 3.2809 6.7397 5.3060 8.1900 7.4703 3.6453 2.6054 1.2921 9.8227 8.2815 7.7346 7.8791 3.6798 1.6126 7.8286 2.6016 7.4899 9.7489 5.5223 3.6967 1.6139 9.5754 8.8385 9.1633 4.4163 5.1324 2.4512 5.4175 4.2356 9.1807 4.6136 4.1654 5.6881 3.1949 4.6169 3.9838 8.8926 4.1448 9.2859 7.3511 9.8666 6.0612 5.2722 9.6552 557.2869 2.0856 3.9299 5.7124 5.0287 1.2487 6.7123 8.8408 4.4625 8.0163 8.4035 4.2100 5.6752 2.2603 2.3537 2.5546 5.9463 7.2348 5.0881 3.9560 5.4012 2.9571 1.2044 6.2476 8.0906 1.1624 5.8064 5.5463 3.1388 1.9951 7.7952 3.6792 6.3650 8.2618 9.1728 7.9622 1.1490 3.0911 7.3984 6.9959 5.1926 2.7399 3.5897 5.3759 7.3450 6.5621 9.9490 3.9076 9.6433 2.6085 4.6878 8.0620 7.8208 5.6011
9.0710 4.8758 1.5581 2.5009 6.1946 7.7679 8.5408 4.1002 6.8425 4.1819 1.1290 8.8077 2.6497 4.2398 1.6704 2.2897 3.0040 6.3632 6.1853 6.5189 2.0320 6.0287 7.7240 4.4488 6.1154 1.5390 9.7196 8.9753 4.5486 3.2955 9.5345 2.3582 2.8612 4.9471 8.4784 1.6545 3.4984 9.8663 3.2766 3.7724 1.9323 1.1599 8.8176 4.6275 1.9237 3.8133 3.7500 512.0621 3.4539 2.0484 7.0772 4.9670 4.4870 3.3696 1.3042 7.6582 1.1104 3.0750 5.3164 5.9936 7.3801 6.9864 1.2092 9.9879 5.5976 4.5849 8.2526 5.2006 4.8067 7.3966 1.8806 8.2309 9.6143 8.2766 1.3462 6.4785 6.7701 7.0466 4.9599 5.9780 8.1097 3.3900 5.9128 4.9441 6.9166 5.2110 7.0196 6.4118 1.2692 4.9298 9.6375 2.8534 2.7436 2.0453 1.0477 5.8195 7.3854 3.6706 9.2576 5.9741
8.5174 7.4745 4.0753 7.1259 3.3806 8.9148 7.9276 7.1741 6.0876 4.7483 5.6944 6.4391 9.8768 9.4045 6.8585 9.3465 3.4693 3.3119 1.5687 7.2335 8.8375 4.1194 1.9681 8.8754 5.1478 4.7617 6.2711 6.3380 5.9712 1.5062 5.3723 8.8279 4.8057 3.4960 9.3095 4.8656 5.4919 8.4613 8.1740 4.0450 6.7929 5.5469 4.5065 9.9525 6.1193 2.4537 1.2809 8.6410 539.3494 5.1655 4.9626 1.5669 3.5325 3.1089 1.8677 8.2218 3.0604 2.7111 1.1775 3.2765 2.3115 6.4662 5.9746 7.6987 5.7520 9.1839 1.2969 5.5456 7.7626 3.0302 1.6606 8.9098 4.0670 2.1067 1.2718 3.8499 4.6604 2.4153 8.4331 4.8005 1.3088 4.4344 3.3483 4.7298 3.1336 7.6940 5.9005 7.9250 3.1789 1.3067 3.6846 7.5707 8.2683 9.1723 6.7355 7.4122 6.4265 6.2129 3.2789 9.1622
1.0904 1.7835 4.4195 3.8758 1.2498 7.3355 2.2416 7.4585 1.6314 5.7663 8.0532 3.7502 1.5288 6.3282 8.3709 9.6297 7.0454 4.0908 4.7591 9.7006 6.0064 6.6799 2.2954 9.7342 2.7434 2.9681 8.8982 3.0744 6.1916 1.1728 6.1737 7.7734 7.7754 2.9744 9.6565 1.2950 9.8542 4.4963 7.7839 6.1757 1.7301 8.3670 3.7500 3.9502 8.2326 3.9858 6.1781 1.2258 8.4463 510.0584 7.3027 1.6428 8.8321 4.0244 3.7604 3.3903 4.9314 1.2101 8.1008 3.4796 9.5074 3.4999 2.4308 4.1900 3.5516 2.6693 2.7441 1.1996 3.6957 6.9627 6.0673 1.5222 6.8743 8.6003 3.8843 3.6357 5.1612 6.8988 5.2309 6.8006 3.7352 2.7200 8.0185 9.5640 1.9635 6.2966 5.1262 9.2132 7.1469 6.4817 3.7484 6.1090 3.0705 1.9611 7.3915 6.9402 3.9842 1.1017 7.7040 2.5877
6.6066 6.3975 1.9842 3.8073 5.2900 7.6709 5.2257 9.3974 4.5518 2.9601 4.7209 1.2271 8.7948 1.9927 1.1620 4.8356 5.4353 5.3170 2.9086 5.4289 2.2038 5.5572 3.8800 3.3184 7.1980 8.8885 7.3688 5.2612 2.2933 2.5827 1.0250 5.3294 2.0542 8.1481 7.1704 7.6726 9.8925 8.4164 1.5734 3.7416 1.0588 7.7670 4.5865 7.7162 2.6836 1.5002 7.1461 5.4030 4.7854 2.3283 539.3129 5.5951 7.0103 8.8144 4.0111 7.1410 7.8738 5.2985 6.1441 3.2667 6.6868 8.0182 1.6456 3.0014 3.3820 2.6105 4.8489 3.8789 5.7504 8.6808 7.4933 6.3218 7.3686 2.9503 8.7594 4.2081 7.0147 8.8640 6.5328 1.1333 7.7288 9.8961 4.7507 8.5349 8.2065 9.9713 5.4169 6.2816 1.7213 8.4002 9.5827 1.5617 2.7096 9.1507 6.7945 8.0968 7.1882 5.6035 3.2581 2.6890
6.4390 4.4873 1.9763 9.1076 2.6723 9.1401 7.4736 5.1769 5.1693 3.4434 1.3051 1.6107 6.4481 2.0004 9.5551 1.3971 3.0587 8.1635 3.3944 4.3453 4.5744 9.9393 6.8612 6.9453 9.6979 7.0888 4.4939 9.0288 9.0468 2.7669 9.6472 5.3025 2.3496 3.4690 4.4845 2.3713 3.7942 3.2745 4.9213 8.1978 4.8664 1.2049 1.3299 6.4404 5.2713 4.6092 8.0922 1.8301 7.7238 7.8780 4.4637 553.7194 6.8413 4.5632 9.8759 5.1867 9.7150 6.8634 4.8269 4.1162 3.3870 9.8151 4.8270 1.6825 6.3925 8.3239 2.5975 9.7358 3.9637 7.1328 4.3956 5.5506 3.8083 5.5284 2.6200 3.4692 6.3457 9.0321 9.0793 1.8447 8.1775 5.0616 6.7683 7.1599 8.8352 3.4349 9.1658 1.5392 7.6931 6.8974 8.5425 6.7591 2.6758 7.2622 4.9360 3.3368 1.6367 1.3719 6.6092 9.4256
3.1685 7.7642 8.6789 2.5388 1.0116 3.7989 8.4994 4.2505 6.0337 1.5406 9.1213 7.1450 9.9598 2.9740 9.4579 7.1869 5.8532 1.3704 1.6175 1.4322 1.5725 3.6173 2.5498 7.9810 2.3090 8.9774 3.4713 4.0617 4.8640 5.5129 7.4530 6.9791 7.3463 6.4282 8.4097 4.7931 4.5473 9.8802 6.2549 8.6419 7.6115 8.6638 5.0251 3.1413 7.6326 6.8771 1.7026 4.1390 7.8811 4.0321 1.5472 3.7430 546.7531 2.9848 7.5360 4.9847 3.5222 6.0922 3.2191 2.1982 4.8606 9.1765 1.2575 7.1796 8.4151 6.7609 7.9411 3.4729 5.3182 1.4408 1.0380 7.6666 5.9470 3.8152 7.6955 1.2074 6.7439 6.4062 9.4398 5.2103 8.9788 5.1971 7.2947 4.6060 3.0551 8.7743 6.5618 9.5956 5.8023 1.9624 5.5461 1.0978 5.2588 2.4219 1.9486 9.8817 9.6769 4.0887 6.7725 6.5572
8.9189 9.3831 2.1947 6.4761 4.9859 5.6976 8.6443 8.2503 3.0022 8.2332 6.0850 7.5677 5.3550 1.5864 7.1574 2.7654 3.3904 8.2967 2.0040 9.6734 1.4493 9.0970 6.2567 7.4870 4.1462 2.9007 6.0462 4.3845 3.5972 7.5318 4.3235 3.4123 9.3356 3.3754 5.7658 6.2140 1.1182 5.3953 8.6284 2.5298 8.1138 3.9398 4.7004 1.5028 4.4223 6.7706 6.7489 8.3348 8.5934 5.7113 2.6442 4.3181 4.6000 561.2346 3.4462 3.5757 2.9197 9.3677 3.3011 8.6806 6.1384 5.5163 3.9889 7.3901 3.4898 3.4820 9.7135 3.7897 6.4322 6.7217 7.4166 9.3125 5.4813 1.0383 7.0586 2.8240 9.9424 1.8784 7.1768 4.0327 5.3974 3.6853 1.1835 7.5011 1.1521 5.9912 4.6849 7.0908 6.9557 7.5168 3.5090 7.3504 4.9284 7.1347 7.0059 5.7364 7.0862 9.7453 8.5139 3.7051
1.9331 9.9878 5.8703 4.7109 4.5004 9.0791 1.6768 9.5494 9.0064 8.5238 6.6532 1.1589 4.0432 2.0005 1.1265 2.4799 5.2634 8.7516 6.2294 9.7117 4.3679 3.7175 3.7210 6.7723 8.0497 3.9264 8.0599 3.9750 8.1471 8.1608 6.1647 6.2119 2.6917 1.2910 5.9037 9.3446 4.9685 3.6562 4.5351 5.4202 5.8255 5.9845 7.2972 7.1539 2.5661 5.0859 2.1526 2.9996 4.2172 5.8195 5.4185 5.9132 5.4851 4.2963 519.1450 5.4853 6.5338 8.6032 3.7041 6.3761 2.3401 6.8372 3.8243 7.0825 4.3976 6.3699 2.7209 1.0639 2.2523 1.5199 9.2199 3.3855 4.3195 2.1482 6.7568 8.4742 2.1149 1.4430 8.3778 8.6493 5.6170 2.6803 1.8760 9.3184 7.6322 3.9848 2.8602 1.5807 5.3292 7.8154 3.6283 6.7234 3.5612 5.8458 4.0781 5.9201 2.3294 4.3923 9.1560 7.0788
8.8741 9.9065 7.2131 6.1607 4.7821 2.5962 3.4384 6.4577 8.5321 3.1255 5.1832 6.9169 1.9853 4.9655 7.1829 5.1707 8.6963 2.2346 3.5800 5.9712 7.7271 4.6007 5.3461 7.6485 9.1456 4.3931 4.7071 1.7952 7.7666 9.9639 6.1379 5.9902 6.7737 4.4883 5.9154 1.3145 1.7744 6.4472 2.7521 1.5927 6.1730 7.4134 5.0914 8.6431 6.0731 6.4916 5.1356 7.8179 2.1785 9.3735 1.0767 4.7781 9.6077 7.3764 3.6347 580.0491 9.3651 9.6978 9.5151 5.9490 5.6235 6.9023 8.5329 7.3924 5.9229 2.0757 9.4622 9.4562 5.3524 6.9989 7.1947 4.5933 1.5946 4.7451 7.4768 5.9097 6.4695 7.2312 6.9421 8.7889 5.4582 4.6501 6.7347 6.7056 5.1864 2.3512 7.3033 5.0477 1.5639 4.3783 4.1633 1.4094 6.5047 7.5847 1.5139 3.6478 5.1660 3.9420 6.9038 9.2813
1.2782 8.5132 8.3342 5.7692 5.5469 7.9628 1.2668 7.1776 9.8338 4.5038 6.5529 2.0489 1.4252 9.0086 9.4188 3.9460 3.3474 8.3620 3.7964 9.0914 5.8513 1.0872 2.5731 4.5122 1.6175 3.0265 9.1176 6.8244 9.6846 9.2734 4.2023 9.9555 6.2820 7.9555 1.7623 5.2770 6.0479 6.9222 2.9959 3.1338 4.5801 7.4600 4.6031 6.1949 5.7566 7.9554 7.2420 6.8981 7.6221 1.3113 4.4289 3.4667 4.2649 5.8230 3.1209 1.9585 570.7135 7.8930 5.8281 1.5311 9.3550 1.4654 5.2069 2.4190 7.9081 3.2654 6.5248 1.1803 8.5048 9.4825 9.3303 7.2887 6.4046 4.7848 7.3439 4.5045 8.7995 5.9400 8.8705 7.0365 6.6659 6.3116 6.2208 6.0989 8.0623 5.1250 4.1990 4.0991 6.4853 9.7829 8.0310 2.0751 8.9196 3.6191 8.4215 2.1303 3.4829 4.5592 7.9954 2.3146
8.5469 7.9720 6.4982 9.6515 1.4531 9.9456 6.5145 7.1451 2.4719 9.6105 6.2970 4.4045 9.6706 6.7084 6.9799 6.9455 6.2129 9.2610 3.5397 2.0552 1.3988 6.7627 2.5034 5.4400 3.0725 3.0936 1.8726 8.9269 4.5903 6.5720 6.1402 9.7767 3.9353 7.6019 7.0029 8.2608 6.2261 3.1081 7.1003 2.9799 8.0870 1.3294 8.8974 4.1772 5.5809 6.3357 3.2910 6.9126 1.7158 4.1389 2.0348 6.7229 1.3523 5.3376 9.6148 7.6072 2.6428 576.1781 6.9384 1.8746 9.0806 5.6212 8.4404 9.8512 4.6676 5.4087 6.0328 5.0465 1.9686 7.5214 4.0478 1.0658 3.4965 8.9406 6.2667 8.8058 7.8300 5.9283 8.1154 3.5182 9.8020 8.8103 4.3683 4.0732 2.2289 8.4943 6.4906 4.3743 4.7083 9.1665 2.3554 6.1665 1.9545 3.5698 6.0396 9.3547 5.6225 8.0146 5.3606 9.6063
2.7765 8.5143 9.2180 8.7941 9.4608 8.4887 4.7252 6.1714 1.7770 6.2516 5.8162 3.6881 3.5583 3.9685 7.4555 8.3634 9.6097 1.4527 6.4059 5.7112 5.7953 1.0974 3.8420 3.1604 4.3598 6.7752 5.3460 6.0351 4.2485 8.9481 9.4953 4.3830 2.1356 8.8884 4.7891 9.8103 4.8806 9.7140 9.2935 3.0649 7.7776 1.1814 3.3217 1.7648 1.1365 3.0118 6.8934 6.7549 7.8430 5.3578 7.7954 3.3076 3.0787 1.3274 4.5814 4.4525 6.8544 4.7919 566.8771 8.0027 8.3961 6.2184 9.4883 5.3210 9.8362 7.5258 3.1374 9.9639 8.3956 1.6359 5.4849 6.0606 6.6413 5.3267 6.3727 9.3283 5.1300 2.6955 9.5415 2.1526 4.8933 4.1030 5.9687 4.6345 4.0728 7.5867 8.4310 1.0965 8.7263 6.8508 4.6170 6.7754 9.2358 5.9399 1.3841 4.5009 2.4104 1.1618 6.6235 8.8279
1.7632 1.9707 4.0141 7.0739 6.1522 5.9351 1.4580 5.7328 1.6181 7.1519 9.3990 3.9529 9.1146 1.5618 5.3699 5.0053 6.7120 9.3735 7.5748 7.0921 2.7942 8.4633 3.8257 9.8473 4.8140 9.8398 1.1638 7.6712 2.4380 3.7260 5.2467 5.9424 1.4211 2.0669 9.8575 9.8154 6.6475 9.7188 1.4419 9.5097 3.1850 3.4366 2.2601 2.1573 5.7133 3.9244 1.7831 2.2921 8.6424 5.1167 6.0562 3.3873 5.3989 8.5765 4.4706 8.7599 4.3893 3.0932 6.3214 541.3046 7.8444 6.3769 1.8965 9.4466 9.8059 3.8876 8.7113 5.4050 7.2029 2.2464 6.7587 5.9641 2.0540 1.6273 2.9823 6.9531 3.1416 7.3578 8.1963 3.6666 1.1988 7.5458 8.7148 1.7447 7.2954 9.8032 6.1566 8.4307 5.0514 1.7335 4.8724 4.3615 7.2502 1.2429 5.6364 8.2289 7.1975 7.4993 4.4562 2.5793
6.1617 5.5963 1.1699 6.9784 1.0081 5.2453 5.2945 4.4769 1.5914 4.8003 3.5805 8.0521 7.7074 7.9694 5.0115 2.9060 8.2668 9.7040 2.6664 2.0627 1.9466 5.5396 5.9546 9.3676 4.3872 2.1508 8.3721 8.4786 7.0242 3.0666 1.8500 4.9902 6.7313 3.5724 6.0234 5.2544 6.7663 6.7546 7.5222 5.7297 4.3297 5.1395 5.4767 7.8557 9.3641 7.6377 4.6252 5.3036 9.2772 8.4868 1.6636 5.9564 8.4768 4.5082 4.2559 2.4143 5.3381 3.7585 5.4380 5.9411 572.2300 1.7051 3.8986 9.8991 9.0589 3.4087 5.8344 5.2898 8.8954 2.3390 6.9728 9.7750 8.8120 7.6984 8.9049 5.9020 4.3757 7.6062 7.3660 9.3993 7.9154 1.4840 1.9379 4.6237 8.3806 5.6082 5.1439 2.4165 5.7217 1.0107 3.7304 7.2704 8.4624 7.9446 9.6985 8.8195 5.2528 9.0060 6.1212 1.9716
9.8092 2.8865 4.2007 6.9154 3.2000 9.0853 9.6785 3.9773 1.8849 7.9910 8.0201 4.5761 8.3028 8.5872 5.4674 4.9901 8.7377 6.0486 9.6235 2.2795 2.2982 8.4898 9.7617 5.9069 9.6322 6.8750 4.4572 9.9117 2.3382 3.8813 9.1610 5.9389 4.6491 5.4278 9.5091 2.9160 4.2521 2.5820 2.7861 5.2979 7.9151 9.2762 1.2982 8.8884 7.4895 7.8425 8.6721 1.3081 9.6523 1.4183 3.4123 8.7863 3.0455 4.7510 5.0805 6.4217 1.0412 6.6677 6.1038 5.1359 7.8781 555.6536 2.2461 9.8931 4.2957 1.6849 7.2554 1.3181 6.0491 8.9072 8.0141 7.0103 1.8885 8.6904 1.2828 5.4940 7.5955 1.6779 3.7479 9.7502 2.1208 2.4807 3.8623 3.8146 3.9901 7.4778 5.2617 7.2507 1.2688 9.2055 7.6196 3.7212 2.7529 1.8422 3.7069 9.6001 2.2667 1.0208 4.1145 9.8769
6.1693 7.5158 1.0881 4.3261 4.1226 9.6914 8.6202 1.6443 1.9505 4.6978 5.0027 2.5265 8.2185 5.1146 1.8387 1.6855 1.0048 1.3958 9.6705 3.7873 3.2729 4.7374 2.8839 3.4788 5.1416 3.0255 3.3015 9.7084 9.2270 9.9309 3.2643 5.7613 9.7656 3.6731 1.3779 4.9975 3.6252 9.7397 6.6474 6.6178 7.7082 5.3744 8.1138 4.0695 4.7444 7.7223 8.4522 4.6664 3.0843 5.5190 8.5461 4.6641 6.8499 1.9411 9.7154 9.9340 9.1244 4.6292 8.5023 1.9750 1.2637 1.7165 525.6745 3.7262 5.1082 2.9987 3.9640 7.5697 6.9459 7.2119 2.5095 5.7976 5.9134 5.3673 5.0071 8.3351 2.8186 3.7878 5.5633 2.4641 2.2973 7.8826 8.2181 9.3126 1.6073 4.6145 4.4764 2.0762 1.0813 5.5031 8.3643 9.8506 1.4496 1.2287 6.2270 3.8992 1.1766 8.8130 8.7172 6.4046
7.8817 3.0881 6.3407 6.9767 9.3639 3.4736 8.5495 5.5946 6.6920 4.3318 4.1970 6.0459 1.9135 6.3584 2.2172 9.1661 1.3029 2.9908 1.1013 7.7003 9.9745 5.6407 8.9780 5.1758 6.2378 1.2114 9.1641 2.2571 5.9943 2.6016 6.9443 4.7719 7.1605 8.6293 2.0012 6.1775 6.6151 5.4432 4.0553 4.9109 8.7563 7.0932 9.9008 6.2479 2.9419 9.8571 1.6365 4.0982 1.6324 5.0037 1.0693 2.4679 9.4856 7.3796 1.3658 4.9252 8.6579 1.7605 2.2630 2.4525 7.9852 8.5389 3.5196 551.1022 2.8990 7.3808 1.3000 5.6522 5.5909 7.2842 2.0478 6.2576 7.4936 6.0849 2.7012 9.8866 5.7737 1.0809 6.0494 8.8084 6.0763 6.7454 1.9042 4.2394 6.6984 4.6351 1.1224 1.9626 9.9239 9.4163 6.6554 6.6184 5.1010 5.0876 7.8291 5.6332 7.8496 8.9509 7.6827 9.2855
4.2771 6.7429 6.9032 1.2226 9.9197 2.3489 7.6766 9.7656 4.0812 8.5166 9.1359 2.0920 5.0404 6.4017 6.2609 6.9848 9.5948 1.7467 1.4296 6.0837 3.5253 1.7555 4.4237 2.2549 4.4707 8.9915 3.1357 1.7537 8.9599 7.5348 1.2509 6.6202 4.1475 6.0374 2.0151 6.2807 8.0941 5.0702 1.9157 6.2499 6.1461 3.6826 6.6051 4.9468 9.7999 7.3897 3.1216 4.6949 8.6771 3.2608 7.0775 2.6115 1.3529 4.7332 3.0340 9.6708 8.2805 7.9069 9.0946 4.6624 8.9062 2.5741 3.7058 3.8726 536.4972 3.5007 6.8402 4.9755 4.8313 6.2376 3.2326 9.6601 2.1932 3.3716 7.1908 7.9752 3.3266 1.2722 5.1346 4.5724 5.1858 8.0210 9.7614 9.9796 3.8159 1.5500 3.6518 2.4382 3.6951 8.5918 4.5435 8.1807 3.4015 5.8579 6.5275 2.6254 5.0570 8.1325 2.6704 9.2699
6.2625 9.2905 2.3294 2.9619 1.4768 1.0317 2.3447 7.4483 2.6664 9.4329 7.1330 7.5201 3.6313 9.3459 6.3966 6.1891 7.8245 2.2554 6.2304 4.3220 8.6764 8.1228 5.5288 1.7471 7.0850 1.7908 8.3516 4.4346 3.9303 6.9933 6.2582 1.9817 6.6917 6.5273 7.2478 5.5347 5.4614 8.8478 6.2444 6.8751 7.5860 4.9463 4.3643 1.9205 5.3426 7.8341 3.7603 3.6673 3.9745 4.1494 1.0155 7.1687 2.5459 6.0840 3.4936 4.6457 3.4506 7.2470 4.1463 6.4144 5.8911 2.8679 2.4828 1.9245 6.5476 535.6340 5.1685 7.7959 1.0879 7.6853 7.2781 5.0957 3.1124 3.6556 7.7375 2.6723 9.4562 5.3240 9.4633 1.5847 2.6935 8.1191 7.6148 7.4802 2.8344 8.5895 4.9721 9.4422 5.6833 1.4636 3.8974 4.5229 8.4930 2.7233 6.0099 5.4964 6.8629 5.9462 7.3350 5.3119
9.9050 3.0652 1.8809 2.0898 5.7754 6.6893 3.8067 5.7407 8.3294 8.1182 1.7246 9.7580 6.3043 3.1823 9.3071 2.1858 7.4673 1.4670 3.2352 1.7540 2.2419 7.2286 6.3846 9.8069 6.7135 1.9176 2.3672 6.2648 2.9395 4.8908 3.3820 1.0715 6.3899 3.4998 2.6289 2.6501 2.6423 7.8713 3.8832 7.9923 5.7888 6.9552 6.6199 8.5839 7.7703 8.1050 2.0626 5.8238 5.2122 4.2157 7.4951 5.8294 3.2733 8.1099 8.5283 9.8156 9.6249 1.9931 5.2371 8.8088 7.4564 2.2407 4.5531 6.2375 7.7613 9.1230 553.0655 4.5531 5.5629 4.0899 9.7604 1.3233 7.8134 6.3473 2.7977 8.6312 1.2578 2.9217 6.7680 4.2371 3.7017 6.7551 2.4965 6.0903 7.8273 5.8054 5.1495 4.1343 3.0059 4.1551 8.5913 8.4911 6.7740 9.0689 1.7135 8.9058 9.5315 5.7698 1.1825 8.4017
3.6496 4.1288 1.2911 9.9765 6.6036 2.9972 4.4194 3.5653 8.9658 8.8640 9.1529 1.0551 3.4728 6.9875 4.5438 7.9338 8.6606 3.0276 8.6862 4.7184 8.6929 4.7871 6.0349 5.8701 9.3786 6.3162 1.2498 2.1401 8.6355 1.3164 8.0520 9.0618 7.0540 4.5571 7.0699 4.5671 7.9323 9.6823 5.9849 3.5646 4.0011 8.0279 1.6858 5.1661 7.2870 4.8762 1.8096 7.2877 8.1639 5.8635 3.8872 2.6909 4.4389 1.0005 6.2059 1.0546 5.8475 5.9698 5.5064 1.7609 4.5198 9.0129 5.9473 9.6030 6.8445 5.8011 6.3272 545.1081 7.5460 6.0300 3.1402 1.1335 3.5014 6.8608 2.0544 4.5866 5.0427 5.8065 1.6510 8.3962 8.4726 5.8461 9.3658 1.7072 1.7413 2.3750 2.8908 5.2619 7.3252 3.9771 2.1716 7.8816 4.2339 8.7306 7.6990 2.3368 8.4294 6.3722 3.9944 5.6006
3.3755 5.9922 3.2082 8.0346 1.3172 7.5929 7.9895 8.4007 3.2550 9.4154 1.0068 4.7039 7.1544 7.2668 1.8505 1.7746 2.1659 7.9675 5.6759 5.6879 6.4481 4.5945 9.8810 2.1662 2.0777 2.2217 6.0538 5.5386 5.7805 1.3826 5.5184 7.8723 5.0583 2.6223 5.2699 4.5150 2.8175 2.8439 1.8361 3.6409 7.8477 7.0228 2.5444 2.0435 6.9175 8.1074 3.0051 3.7069 1.5753 9.0319 2.2491 1.7156 7.5137 8.8046 9.4952 7.5852 6.1276 4.7175 3.9830 3.7242 8.4985 5.1879 1.7678 8.7408 2.1833 4.4852 2.8856 7.6982 510.0749 8.2287 1.7925 9.4481 2.2006 3.7094 1.7029 4.4099 1.5137 1.4509 7.5088 8.4744 9.3554 5.3133 9.8697 1.7937 6.5584 5.0328 9.5882 5.4399 8.1818 4.7580 3.8878 8.8738 3.7441 1.5854 1.2722 3.5645 6.2726 1.6860 6.0866 8.5757
8.2198 1.4869 1.1707 5.8856 9.9559 4.4132 1.3391 9.1084 6.9265 5.4003 9.6269 7.0174 5.4974 5.4541 8.2931 2.0066 1.5312 2.5586 4.2740 5.4004 2.2710 3.0113 5.3542 1.1684 8.5057 3.7087 5.3075 4.1041 4.2235 6.0833 7.8134 4.6896 5.4091 1.4026 1.3012 8.3202 1.7148 4.5718 2.1738 3.3982 1.8316 9.4434 2.5643 6.3467 8.7571 4.3653 6.4397 6.6096 2.5145 1.7515 2.6289 1.9135 6.7792 3.0254 6.6555 9.7229 8.7337 8.4011 6.2067 3.3382 1.2265 4.0924 3.3479 2.4485 8.0643 5.5414 2.6594 7.5785 3.4340 492.2218 5.2579 7.3963 8.3304 4.4295 9.1051 1.9085 2.7266 9.3903 3.9357 1.3472 9.6592 1.7747 1.4183 3.1065 2.4924 4.0210 9.1210 5.0801 3.6036 8.8649 9.0444 2.6910 6.5568 4.5916 4.6253 7.8943 2.5946 2.1255 1.4403 6.2297
5.8186 2.2673 3.1216 2.5444 3.1729 7.3589 1.7447 1.5205 6.1364 9.2379 6.5864 6.8895 5.5267 7.4925 9.2947 5.4004 5.6788 7.0558 9.1827 2.6937 6.3103 3.2009 2.8088 1.9286 6.5499 2.8193 5.0680 2.6165 9.9645 8.9369 6.6679 8.9433 4.2453 6.8206 3.8115 2.7837 4.3379 8.9702 6.6729 4.0862 1.6654 1.2028 5.5710 4.2209 7.0331 4.7276 4.0518 2.0430 9.3169 7.1623 8.6989 4.6673 8.1405 2.4289 5.5381 5.0716 6.9247 2.9005 8.2606 9.9717 7.7084 2.8033 4.1210 9.9406 9.6863 7.7869 2.0907 4.1203 4.2258 8.0196 560.7862 8.3627 7.7531 7.1196 3.9696 6.9378 6.1963 3.1279 5.7069 6.9424 5.0961 3.1759 4.6686 4.7778 3.2874 5.9856 2.9758 2.2693 8.6475 9.0563 9.6984 6.2812 9.7828 2.0641 3.8532 2.5516 9.1304 3.3709 6.2208 8.1187
5.7477 7.9629 6.9632 3.0104 4.2990 9.4569 5.6947 8.4391 7.1152 7.3091 5.1506 5.9154 4.9541 3.3719 3.8473 3.0308 8.7350 7.0769 5.4010 7.5596 7.5907 8.8810 6.0018 8.4342 9.7504 5.6736 3.8228 5.6671 5.8863 9.7755 2.9459 7.4675 6.1030 9.0783 5.2996 5.6554 6.0125 9.1899 9.3774 3.9561 8.1151 6.3236 4.0267 9.1261 6.3059 6.8655 7.1278 6.2290 4.2383 6.3916 9.3640 5.3264 9.5886 6.0582 8.8375 9.7284 9.4763 3.3624 3.1266 4.1678 1.9470 5.1048 5.8806 5.7422 9.6329 3.2775 8.4117 9.1886 4.4822 4.2641 4.1759 630.6517 1.4562 7.7740 3.7073 7.0169 1.3128 8.0789 7.2483 3.0434 6.8651 6.7516 5.3101 4.4380 9.8868 4.3046 8.0382 4.3232 9.7695 6.7509 8.2140 8.4359 5.6520 6.3942 5.2994 1.3727 3.6139 7.6234 6.3273 9.2532
6.4539 3.7080 7.6302 1.8401 9.1034 6.2281 9.6617 8.1870 1.4157 3.3530 5.3629 2.3712 3.9758 5.7050 1.8345 1.4196 3.5891 7.3439 3.8828 3.2479 5.0362 2.2892 5.5000 1.9509 7.3495 1.7382 6.1602 5.6358 1.9144 8.7686 7.9856 9.7253 2.1652 6.7321 6.0359 7.7571 4.4450 8.8794 2.3574 7.3804 9.0855 4.2042 9.2190 3.8441 5.6418 2.1002 4.1484 9.0490 5.5502 4.3438 5.4349 9.7328 6.5367 7.6333 5.1224 7.7393 6.6359 9.0920 1.4963 3.7771 2.9952 8.6445 6.3752 1.5006 4.5333 5.0587 4.6521 8.8394 8.0384 7.3327 7.6137 8.3153 551.7316 6.4463 3.5207 4.4955 4.7664 5.3005 3.8818 1.9775 7.3568 7.7858 2.2154 2.7768 7.6899 1.1983 7.8430 4.2545 6.4630 4.3749 7.8662 6.1403 5.0872 9.6017 9.3286 9.2550 4.8449 6.9042 4.8703 3.9661
9.3385 9.9453 1.5744 4.3437 3.1306 7.4822 1.4985 2.5862 1.6881 7.8639 2.0583 5.9690 5.9722 4.3939 8.0178 7.4806 6.3077 2.4093 5.9682 4.8602 4.1132 2.5461 6.2336 8.5861 4.5846 4.9011 7.4191 4.2549 8.1370 7.9070 9.5497 4.7136 8.4815 5.9803 9.8739 4.7390 1.6165 6.1097 2.7684 1.6366 1.1242 2.9052 9.8501 5.3822 6.5518 4.2099 1.4207 3.9522 3.1707 7.1187 3.1646 4.2225 1.5658 2.3541 5.9313 5.7500 4.3150 1.3818 3.6526 6.2752 4.7233 2.0611 6.5234 5.3763 6.6404 3.0136 9.7712 2.6062 9.5062 1.2720 8.4913 8.4807 2.5313 520.8313 8.9599 9.0235 8.2054 3.7701 6.4230 3.6433 9.0401 4.6745 6.3347 4.4326 1.2306 1.4553 7.4580 3.5754 8.2283 3.7890 2.2601 5.7529 6.1078 2.4794 4.4801 4.0110 9.6703 1.1462 6.7703 8.6349
8.9030 5.1740 1.4718 2.6701 2.7595 7.9186 7.2424 9.5864 9.2516 6.3067 5.6667 6.7370 1.9399 3.8550 4.8861 1.8105 4.9300 3.3189 6.5342 8.8994 4.2663 7.6140 5.4507 4.9790 7.1712 3.3243 7.9688 5.3871 9.5005 1.4737 3.5185 1.4932 6.6244 8.9517 3.7010 1.3215 6.3935 1.5575 3.7420 6.6978 6.9248 1.0950 1.3186 6.7072 8.7825 9.3555 4.4363 3.1395 5.4919 5.5678 5.4576 7.6771 9.3850 7.9272 6.5782 9.7969 5.3990 4.9434 3.0157 8.2298 7.7762 5.5367 7.4424 9.9052 9.7857 7.3376 3.7118 2.8771 5.0552 8.2762 8.9587 3.4318 1.4944 8.1095 574.1946 6.2505 3.9584 7.1738 3.5523 6.6529 4.8041 9.4062 7.2460 2.2279 8.3947 6.1255 6.2211 2.2849 9.9522 7.3032 5.7013 2.4112 2.3651 7.3943 4.7768 8.2090 2.1385 3.3384 8.2638 8.3588
7.9080 1.2563 4.7878 2.0101 9.7894 3.9801 6.2505 4.9218 6.1528 5.4632 3.3157 5.6574 8.5995 5.7512 2.1562 7.9649 4.0068 5.3725 2.6539 2.1028 7.7957 9.3984 6.7373 3.6757 4.4616 8.1885 8.1810 4.2512 2.4550 2.5381 5.7448 1.6402 2.5331 1.5629 9.0367 2.3417 6.7838 5.3274 4.6590 6.4857 1.9239 1.1889 2.1494 6.2035 5.6609 1.4572 4.8331 7.3136 8.0838 8.3796 5.9258 4.6332 2.4237 4.2313 7.9169 7.2185 1.9853 9.3634 1.2020 5.4235 5.7682 8.6113 5.1099 6.9933 9.9954 1.1434 2.8456 7.3859 1.0872 1.8569 7.9067 8.5823 2.7182 2.4208 5.6576 534.9431 1.9211 3.0351 9.3274 7.4963 9.8457 4.5801 8.7139 6.5203 2.6023 6.3135 9.0107 3.9820 8.3592 6.2670 9.3384 9.4358 7.2108 9.5819 4.0012 1.9687 9.3169 3.5480 1.9089 7.8880
6.8495 2.0406 5.2982 4.7491 2.9148 1.7764 5.4737 5.5396 9.0060 9.1144 2.8002 9.4595 5.9382 4.7290 9.2122 6.1041 4.4363 3.8834 4.2616 4.1912 6.5382 8.3600 5.8821 9.3470 2.7922 9.4942 9.5700 5.2091 2.1882 5.2377 5.7265 6.7491 5.9809 6.3548 9.8581 2.5641 8.7335 9.4602 7.6021 5.1197 3.9005 6.3689 5.5568 6.3533 2.3802 5.6772 2.6177 4.0219 9.1483 5.1514 3.7876 2.5758 5.1984 7.1068 3.6038 1.2652 2.4341 1.9752 8.6006 8.6400 2.6276 2.3396 3.5079 5.5563 9.6837 2.9514 9.3241 5.6677 7.9139 5.1919 9.7166 4.5894 4.0239 4.7462 5.6270 3.4195 556.2851 2.4958 7.7767 3.8754 5.4870 3.2799 3.3669 7.7997 9.9741 9.0394 4.6086 6.1162 8.1493 8.3903 1.7811 3.2834 7.6386 6.1944 5.7607 6.7259 3.2253 3.1382 2.2110 9.5404
2.4346 4.4270 4.7783 3.4460 3.8548 2.9204 2.1135 9.3348 7.6655 3.5756 5.8575 3.0845 8.4823 7.8988 5.1134 6.7130 5.1665 5.1699 9.8486 5.6818 4.2638 9.5629 2.7305 7.1462 8.3315 7.2256 7.5867 2.0603 1.7464 8.4364 6.1249 9.9059 6.9810 4.7740 4.5935 5.2668 3.1620 7.7976 7.9759 8.3191 5.5780 9.2266 5.7289 2.9830 1.9375 4.0697 1.7387 3.3935 3.2799 9.9226 4.2243 6.5642 2.7469 7.1642 7.4144 9.3013 9.7740 9.0381 8.9521 9.5840 3.4947 5.3100 5.6235 5.4855 5.7657 8.5463 3.5442 4.4882 6.4125 5.8865 8.7503 4.9452 3.6079 2.5160 3.1179 3.9554 7.3855 544.2211 6.8583 4.1305 5.1303 1.0317 4.3163 4.4567 9.1826 4.0273 4.5040 2.3699 7.0678 3.6013 5.2364 4.5058 2.6193 6.2283 1.5065 6.9899 1.7917 3.0876 1.0696 7.3834
5.5162 8.6592 3.0290 4.3551 7.0681 4.5014 2.9727 7.5808 6.0932 5.0983 6.5731 6.0286 1.7112 4.3505 3.7619 9.8087 9.3586 6.0169 5.4937 1.6955 5.3059 2.8588 9.0518 4.7514 6.1071 6.2063 4.4167 4.9987 3.9021 3.3170 6.4852 7.8284 4.3582 5.5753 7.7982 5.6535 8.1708 1.1265 2.1055 6.6014 5.7994 9.1771 2.5525 5.5530 7.3576 2.4741 8.5278 4.9433 2.1178 6.8070 5.4392 6.3248 5.4090 1.1646 7.1115 5.4033 6.5754 8.1860 2.8377 5.1493 3.1934 7.2472 3.8470 3.2529 5.9868 8.7587 8.4319 2.2089 4.2908 1.6983 1.5126 4.2814 3.4839 5.2392 7.3023 2.2970 6.6535 2.5464 541.6784 5.8389 2.3666 6.0902 8.7419 6.2523 4.7915 9.6499 7.3374 6.5236 9.4423 9.6104 7.0178 8.2892 7.2226 3.7454 1.4201 1.9515 3.0440 9.2410 1.6473 4.2005
1.7697 9.6028 1.5510 2.1345 9.4338 1.1665 6.8564 4.0727 5.9408 8.6521 5.2211 7.8578 3.9771 7.5155 8.7599 2.1278 1.1375 2.2269 3.2049 9.3385 9.1740 5.6792 9.3994 2.4261 8.4351 1.4972 3.3222 7.2028 4.2028 7.6345 9.6406 3.5940 4.3417 9.7280 7.2455 3.7359 1.0151 9.7284 2.2131 8.7219 3.5527 8.3974 3.7394 5.1318 9.2256 8.8259 8.3933 7.8238 3.2552 7.0370 4.4678 1.6745 6.2734 7.8803 3.8919 8.9883 4.0966 3.3810 6.7558 1.5870 5.5107 4.5701 2.2088 4.3804 1.4300 3.3629 6.3316 1.0307 7.9813 9.6502 9.9828 4.9231 2.1155 8.1205 1.6414 4.9989 7.2806 8.3034 6.4511 537.9632 6.6826 2.9546 4.2391 1.3036 9.7256 9.7232 4.9335 5.3312 3.2752 3.1461 1.4363 3.2978 3.1046 1.7786 2.6058 9.2398 1.1179 9.6603 5.5322 7.1191
7.5739 9.7701 6.4635 8.2166 7.0750 2.3060 2.2398 4.8644 5.9202 8.1468 8.7872 5.7890 1.2752 8.9491 6.6857 8.0398 7.6235 6.4563 2.6177 6.0295 7.4109 7.9147 5.8123 5.3208 9.6708 2.1811 6.8900 3.0633 2.8874 8.2176 2.2709 3.2337 6.6938 6.3307 6.1162 9.9711 1.7380 5.8065 9.5585 3.7888 3.1368 4.1310 9.2044 4.8774 3.7557 2.3481 1.4353 5.0208 1.9943 4.6987 6.5156 1.3825 8.6073 7.9273 4.5406 5.0317 2.7749 9.4207 9.8910 1.8570 4.2235 6.6465 8.0832 7.9607 4.6386 7.2403 2.9230 6.6862 3.1555 8.8430 2.1951 2.2006 6.3942 4.3641 2.5401 7.3812 2.6974 4.3109 2.7416 2.4762 545.9864 3.2786 3.3321 9.0432 9.6950 7.2297 2.9244 7.2860 5.2834 5.8175 3.2503 6.6727 2.7281 8.3734 6.8984 5.9999 3.9072 1.4906 8.3875 6.4661
7.0074 3.1039 9.6599 5.8622 1.3269 2.0456 8.8734 3.8279 9.9075 2.7147 4.6329 7.5083 7.6241 3.8566 1.5420 5.5912 4.0524 6.6266 3.1093 6.6491 3.1469 3.3089 6.6248 1.4351 4.7760 1.0332 6.5815 7.3356 9.3765 6.2101 6.4319 1.4574 7.9455 5.3207 4.2650 9.0639 7.4420 4.6972 6.0593 7.9848 4.2349 9.7083 3.9116 9.1009 7.9120 5.4034 4.3057 8.8481 1.0069 7.8930 3.2721 4.8661 9.4381 9.1000 5.5107 2.1727 6.6157 1.6239 1.4772 9.3709 9.9807 9.0549 3.1177 8.2463 2.0199 1.1742 4.0931 4.9313 7.0674 6.6267 7.2998 7.9188 9.9382 8.4403 5.0315 5.7152 6.3020 5.6324 1.2090 4.5534 8.7151 587.3965 5.0185 7.7828 5.1554 9.2906 8.6360 8.3723 3.7146 6.3249 6.9730 3.1386 4.9462 9.7713 5.6098 7.3827 7.0736 5.0632 8.8561 9.4109
6.1565 2.4020 8.7110 7.9200 1.7859 2.5165 6.6586 1.5842 7.5403 3.9761 1.4528 5.0312 2.2918 2.2362 1.7103 9.6629 3.9546 3.1772 8.1995 2.4084 5.8363 7.8109 6.6292 9.1319 9.8286 4.8913 7.7643 1.5104 8.3350 7.6254 3.1764 6.9177 7.8278 4.8078 4.6319 6.2448 5.3311 4.3215 4.7952 5.3533 6.3082 3.5090 2.8475 6.5426 1.6429 1.2185 3.1768 6.5359 4.2829 8.9813 2.8434 7.0835 2.5765 2.0145 8.0903 7.3999 1.0909 5.8342 1.0589 2.2811 7.3875 1.1713 2.0890 5.0246 6.4666 4.1257 7.0200 4.4163 9.5814 9.5774 2.7437 9.0178 7.4040 1.0684 4.3942 2.6108 6.0745 9.2501 2.3787 2.3863 2.9080 1.9410 505.1592 8.9018 8.9726 5.8706 7.9940 6.0029 8.3575 4.1481 6.9150 1.3475 1.2484 7.1432 6.1636 6.3247 2.5656 5.3344 2.1929 5.6556
7.9897 1.3357 1.0590 5.6736 8.0899 2.4033 7.6299 5.1705 6.1211 7.8122 2.3726 3.9961 2.2115 2.5134 6.2439 4.4970 5.9760 9.7704 2.7855 3.7570 3.4278 9.6608 4.6544 6.1374 7.4243 6.8004 4.1137 5.5430 2.3271 5.8309 7.6468 7.3872 4.7475 9.5625 3.1162 4.5125 7.5635 3.0066 8.0283 3.5281 7.7532 1.3103 6.2054 3.6079 1.2583 9.6292 3.1906 3.3432 5.3612 8.2337 6.6857 1.9108 6.5248 3.3846 1.9310 5.3221 8.7471 3.8921 4.0727 5.7617 9.0505 1.1151 5.7911 4.9458 9.9459 8.9707 3.7961 8.8454 5.4924 5.7799 8.5163 2.4685 8.3437 6.4279 1.9432 7.2804 2.4542 3.9291 3.5888 5.8092 5.6712 7.3305 2.4707 544.9898 9.2425 4.4723 9.3780 5.8409 6.5260 5.6280 1.8934 7.4833 5.7717 3.0394 3.2841 9.9950 9.4813 7.1508 2.1055 4.8942
6.4735 1.2541 6.3245 5.0636 7.4613 1.7319 3.6085 9.3559 6.7315 1.8794 2.5092 5.3066 7.6176 2.8764 3.1438 9.8393 7.8686 5.6403 1.0115 8.2130 4.4319 1.5917 2.0901 1.8574 4.4716 5.3306 5.4199 5.4035 1.4447 8.9002 3.2039 8.9440 9.0088 7.8404 2.8441 1.0821 1.6906 6.2845 4.8893 5.1574 7.3900 5.8374 8.2417 5.3123 8.2711 1.5729 8.1086 9.1943 7.0344 1.5345 2.6219 2.2391 5.5038 2.7460 7.8158 2.6298 5.5767 5.2283 6.9536 2.5825 9.3252 4.1542 3.3256 3.5690 5.8440 5.5340 5.1636 7.3785 1.9343 4.7614 5.4321 9.7147 6.0474 5.8723 5.7378 3.2822 6.6147 3.2629 5.2842 1.3811 4.7337 6.5046 8.1511 2.0799 511.0024 4.9956 1.0744 3.8324 4.3715 8.0731 6.1514 7.8738 6.7821 7.0499 3.5386 2.8404 8.4156 2.1254 8.9271 4.3147
6.7716 3.8687 2.2042 5.9818 3.9038 4.9174 4.3339 6.1713 7.3463 4.5541 4.7773 3.4636 7.7448 4.5347 2.5308 6.5956 9.2275 3.5300 5.6169 6.9795 9.8521 9.4234 5.9226 4.2667 7.9279 5.9256 2.9625 1.2077 7.5851 9.9622 6.0321 2.1983 6.3220 1.6492 6.1995 4.7203 9.0361 5.6463 8.4817 6.3537 4.4545 9.2983 7.6387 9.0821 3.6176 7.2342 6.3507 2.0973 5.5131 1.0639 9.7429 9.4674 2.8907 2.6437 7.6639 2.5440 3.7988 7.3408 5.7777 4.7688 7.7786 7.7282 8.4062 3.1254 6.7001 7.0549 2.4429 5.1234 2.6697 6.6036 9.5066 6.9113 4.9195 1.8399 7.7873 3.9908 1.0469 4.0006 3.7097 6.7166 3.9696 8.8092 2.1197 9.4315 2.3214 566.6658 2.4352 1.5191 8.9072 1.9671 6.5554 9.9156 6.4438 5.0745 8.5914 6.3344 6.3453 6.1655 8.8746 7.8200
7.2295 8.3118 4.5827 2.3875 6.7799 3.9520 8.3094 2.2794 5.4721 7.7760 2.8940 9.5270 6.5997 3.9530 9.0747 4.6892 9.2746 6.6382 8.9416 6.3421 4.3034 9.3336 2.6010 9.0079 4.2316 7.0759 6.2292 4.1688 1.1251 4.0783 5.4979 4.1722 5.5873 2.4659 2.2479 9.6183 1.7299 4.2635 6.2446 9.1154 6.5243 8.7085 1.5709 3.4797 9.4530 8.0632 2.1355 1.2073 1.6648 2.2807 4.0191 5.3618 5.4090 6.0075 1.6385 1.0066 1.9287 3.3390 6.3594 2.3011 8.9848 4.0287 8.5841 4.2364 5.6433 5.7738 4.4261 8.8556 6.3483 5.1012 8.4664 2.0940 4.5191 2.1711 2.3940 8.7530 8.2840 8.2678 4.2420 9.3276 1.6136 6.6439 5.4337 8.9677 1.1495 6.4359 545.1821 2.8685 3.8943 6.0869 4.5110 1.8512 6.1225 7.4187 5.6007 5.5974 8.4592 6.0463 9.7938 5.8917
2.6827 8.6958 5.9878 8.4621 6.6139 6.9982 1.8025 5.6308 3.6608 5.7844 3.7611 3.3191 2.5188 5.8959 7.7347 5.8075 4.4552 8.7479 9.4140 2.8790 5.0037 2.0702 4.3869 2.7737 3.3536 3.0861 2.6908 7.9054 4.5104 6.0954 4.5864 2.1235 2.7641 6.0838 1.5315 6.5342 8.3682 5.9871 8.5948 9.3875 3.6373 9.9598 5.1059 2.8341 1.4882 4.7493 3.3691 7.1338 2.2626 7.8716 6.2479 6.4817 2.0969 5.4355 8.0608 8.6750 5.7085 8.8361 8.1057 9.5161 2.2672 9.5933 4.4201 2.1986 7.2568 5.3881 8.0870 5.8334 7.9573 3.6671 6.2928 6.2225 5.4264 8.9586 3.0313 2.0316 3.9187 3.2762 7.5021 6.2341 7.5895 8.2574 4.8448 4.5805 2.0184 4.8597 7.2987 552.4101 2.3699 8.9498 6.6943 4.1879 9.7124 2.1573 4.0775 8.0503 7.5318 8.9765 3.1362 3.7665
1.0856 3.3790 4.7732 8.8104 6.3340 9.1149 7.8817 2.1575 3.3576 1.5268 2.9182 9.2004 3.2424 1.9727 8.6156 7.8638 1.3276 6.4901 4.6192 7.1717 1.3480 4.8740 8.3018 5.4212 1.0566 2.0673 1.6667 9.8086 3.5125 9.4722 9.3430 5.4300 9.0795 5.8090 5.2427 3.5444 5.9776 3.6021 9.3342 5.9629 1.7300 9.2087 1.3181 4.9310 2.7844 7.4544 6.2348 7.8321 8.0008 3.3579 4.0632 1.2901 6.0829 7.5240 5.8291 4.8539 4.3867 8.7655 1.7920 9.6411 4.1105 2.4941 3.1891 9.4554 6.9844 6.9077 8.9626 1.0201 4.1042 2.6468 6.7632 7.8498 2.7943 2.4079 7.2953 1.9423 1.0629 7.0799 5.5734 8.7835 1.5374 2.2366 4.8813 8.2452 8.9253 8.2147 7.1582 4.6705 521.4789 1.4949 3.2994 4.3974 1.9013 5.7888 8.4838 4.2330 1.7824 1.3488 6.9426 8.3722
6.0656 3.1196 6.5101 7.3979 5.6146 7.9801 3.6940 7.6210 5.7887 9.0917 2.6599 4.6358 1.0972 6.5369 4.0968 3.0965 7.6561 4.4310 1.7265 7.6562 1.6481 5.9655 1.9439 4.0508 5.7625 6.7114 9.0581 9.9055 3.5512 4.8140 5.9974 6.8183 2.0678 5.6949 4.7016 6.3522 6.3617 5.4124 4.8265 8.7029 9.7756 9.8511 2.9612 1.9171 1.1384 2.4046 7.3802 1.4848 5.7325 5.2251 1.8981 1.2881 7.0506 3.8257 4.9115 1.6869 3.2571 1.1664 9.6472 6.8092 2.1788 2.9711 4.7178 3.6782 1.5259 6.8181 6.6528 6.3346 9.4078 5.2085 1.7177 7.3910 6.4805 5.9062 2.5849 7.6259 6.2247 4.2730 9.9994 6.0641 9.0758 6.2559 4.8115 4.3449 5.0021 9.8140 4.2410 6.1108 9.0065 530.3732 5.8353 2.5328 6.7451 6.9314 4.7719 8.2631 1.9428 9.6022 4.0409 4.1190
8.6417 9.3066 8.2378 2.1026 6.1687 8.6078 8.3963 8.7431 1.6694 8.5954 8.1032 2.4531 5.6567 5.2148 3.4969 1.1493 9.4337 3.0489 5.9345 1.4197 1.7109 8.5775 1.6213 7.3089 6.3008 7.9911 6.0871 5.0992 1.6305 8.3973 8.0741 5.0094 6.8430 7.0861 2.8323 6.5416 3.6947 5.0857 7.4805 1.0873 3.3807 5.7608 7.9986 2.9748 7.0359 2.3833 9.0887 7.9359 2.2153 9.2008 2.3847 3.1800 3.6108 3.7140 7.1066 2.3977 1.1266 7.7492 4.8117 1.3034 4.5859 5.5324 3.4893 1.8433 3.9471 6.1227 8.8979 6.6198 6.1041 3.9486 5.1783 4.8190 6.1238 6.1459 4.1016 9.3092 5.6631 7.3195 8.8000 9.1148 2.0464 8.4433 3.0832 7.7396 1.2264 7.0024 3.0999 8.9029 7.9704 1.1108 542.0800 9.4270 8.6940 3.1344 3.5698 8.8192 2.2983 2.7535 4.1916 7.2987
7.7893 7.4862 5.2989 7.2880 4.7476 4.3369 8.9787 4.3870 3.9427 6.1144 3.1922 7.7596 2.9076 6.5070 2.4341 8.0509 6.4939 9.7786 7.4972 5.2986 5.9224 9.2644 9.4683 3.7482 5.4308 3.7236 1.0386 4.1737 8.9549 5.8252 1.3929 1.3137 5.3023 3.4923 5.6941 1.2666 1.8676 4.3110 7.0908 8.1823 6.0273 1.4507 3.9760 4.7889 2.6168 7.0203 5.5750 5.4499 6.3014 1.3525 9.0874 9.1391 3.2815 5.4753 5.6256 8.9689 3.3475 7.7974 7.9234 2.0910 5.4282 1.2277 5.5717 2.7507 1.4029 6.2075 6.3629 1.0929 3.7137 7.3908 3.3468 8.0238 3.3274 7.4604 7.2462 3.1564 7.9540 7.7823 1.5739 1.3551 4.0187 9.0094 5.3395 6.5239 4.5912 8.7878 2.9935 6.1315 2.4512 7.0890 2.8944 526.9732 9.7985 2.9876 9.9602 8.2681 2.3920 6.9493 1.6160 2.3253
6.5605 2.5011 7.2313 1.5502 3.6045 8.7111 3.5678 3.8178 7.2092 8.4632 5.1031 2.9802 5.5974 6.3989 4.6095 6.6688 5.0374 6.8339 9.3885 8.0524 7.2459 4.8065 8.8466 1.6978 3.0826 6.2139 1.1142 6.5684 1.8850 6.8449 4.6575 8.2297 4.1430 8.4082 9.4459 3.3247 7.4681 5.2612 1.8933 4.4460 6.4451 2.5006 8.6426 6.5293 2.3293 2.8937 8.6738 1.7558 5.5949 7.3476 2.0992 1.7743 5.1204 5.1197 1.0213 8.1147 2.4469 9.6027 8.2223 9.3866 4.3729 2.3224 5.1975 3.9609 7.9432 6.0346 8.1208 4.0466 4.8827 7.1976 9.4038 1.0834 2.8562 4.2365 5.3780 2.3906 2.5822 9.0203 3.9791 1.6187 1.7002 5.5709 6.0148 2.9117 2.5500 1.0027 8.9965 4.2890 5.3720 8.4740 4.1342 8.6120 525.1868 9.0168 1.0675 6.1277 7.6608 2.9653 5.4342 5.4914
6.2406 7.9797 5.3380 8.1786 3.0881 9.4079 4.1025 8.5880 9.3648 9.1852 6.0105 3.1585 2.5720 4.5888 7.7235 1.0150 7.7610 1.0857 1.6815 8.6636 7.9000 8.2874 2.0462 7.5537 6.1480 6.6079 9.8056 9.9882 7.8108 5.1214 2.8141 7.5678 9.9825 8.3765 4.2451 2.2984 3.5453 3.9645 1.5716 6.9002 1.0247 2.6477 9.0732 5.9212 1.1766 4.1490 1.7124 8.2705 1.9938 6.9202 5.9623 4.1814 1.2778 6.8503 5.9093 2.1996 5.9082 7.0094 4.7756 6.7128 2.6292 6.1247 2.7147 2.4473 7.5513 4.6664 8.0999 5.5185 1.6888 8.9866 3.2731 2.7533 2.3714 5.6858 4.2416 9.5218 6.3729 4.3302 3.2685 4.6489 1.3214 3.1896 2.5295 6.9942 4.6388 1.0343 8.6681 5.3556 7.0588 4.2251 3.8398 8.3221 4.1993 528.0959 8.4376 1.3137 3.0792 7.2957 8.1449 5.4781
5.2300 2.1905 5.1987 3.6813 9.1937 9.3436 1.3035 6.8692 3.0326 6.6881 6.1028 1.5928 5.4999 4.1565 5.4130 8.0611 8.5877 4.6263 7.0169 1.0668 2.0983 3.7484 8.8293 6.7691 6.3477 3.5593 9.2056 9.1328 3.0530 8.0209 2.7021 2.9902 2.4406 6.9482 4.9902 8.5472 1.7796 3.9219 9.7111 9.5136 6.6475 6.4857 6.2172 7.4837 2.9076 8.7154 9.1281 1.0853 4.7153 2.9254 9.9105 4.4824 1.9888 1.1454 5.7852 6.2656 4.9557 9.9719 8.9613 5.8179 3.1597 9.1361 6.0684 4.6543 5.7703 6.4850 3.6429 6.8160 3.5957 1.4971 6.1793 1.8684 6.8259 5.4883 4.5938 9.4706 3.6596 5.9282 7.5624 2.7098 3.1441 6.7943 3.6110 4.5583 9.2124 5.2120 8.0156 6.3025 7.9174 9.7543 4.8989 8.2955 3.7122 7.2932 550.7341 1.4942 3.3929 2.5586 3.3723 5.4591
9.5003 2.2635 4.8782 9.8245 5.9633 4.6257 3.1510 3.6600 3.7313 7.9935 3.0259 7.9234 8.4384 4.0849 3.5202 6.2927 5.5199 2.6948 8.6654 3.7542 5.7024 5.6606 3.8939 1.2943 2.9745 8.4438 2.3852 9.0850 8.2936 9.8079 2.6400 9.9055 3.3741 8.2207 9.0954 5.7406 3.3962 2.8392 5.8727 7.8931 3.4095 5.6892 3.5316 3.7399 1.9765 2.7643 8.2757 6.4048 5.4472 7.0452 2.1752 7.5369 6.3957 8.5907 6.1595 2.2561 7.4186 2.5028 5.6428 4.7759 4.2462 9.9242 8.8617 5.4684 8.2665 3.8691 1.8664 1.9459 5.7864 8.1019 1.7271 5.5813 3.4031 9.1521 3.3589 7.1300 1.9333 4.8405 3.9715 5.9420 2.6766 1.0796 4.0904 7.3621 7.4482 6.6382 7.3182 6.7003 9.8910 4.9969 4.6414 1.3485 9.6190 8.6280 5.9190 546.0232 6.1508 1.1006 5.7257 7.0026
5.8938 8.2397 2.6115 7.4795 8.4234 1.2409 8.5825 7.8600 1.9827 3.0658 1.5956 5.6842 5.9435 8.9994 5.5758 5.8299 3.5163 3.9964 9.8714 9.0671 1.5987 1.4073 1.5889 2.2831 5.1021 2.7095 2.1806 1.0135 3.7570 2.1270 7.4643 8.6098 2.3986 7.3103 3.1523 2.0722 8.0930 4.1728 6.6324 2.6351 9.8711 9.3728 2.8873 4.9796 3.5609 8.9047 3.7163 6.5398 1.2964 6.7094 7.0232 1.1029 2.1769 5.8212 9.6184 5.5578 5.2607 3.6682 7.3463 5.3014 2.3356 3.4266 6.5671 9.7538 9.7549 1.4596 2.3560 4.2398 8.9034 9.4126 9.4622 4.6119 5.1161 3.7451 4.8104 7.4751 8.0825 4.5766 4.8412 7.8107 3.2840 2.0872 3.4982 7.5759 4.3903 4.2877 9.2551 1.8615 7.5333 2.8976 9.4888 2.6990 8.0453 5.8161 5.4346 7.6348 531.1278 6.6544 3.0755 7.8713
2.4366 8.0135 5.3404 5.6832 8.4965 3.4834 9.5677 1.7428 3.6434 9.7388 6.6309 9.9064 5.2449 1.3369 8.7460 6.5760 9.1187 9.2012 5.7961 5.6553 1.8530 1.1060 8.5076 3.5117 8.2162 9.0069 8.2919 7.3921 4.9939 3.4722 8.7820 5.2426 4.9278 1.9392 5.1126 8.8917 9.5260 3.3077 5.2273 5.8521 9.9860 3.3068 2.0902 7.6291 1.4828 5.9817 7.8440 7.4099 9.6907 4.8688 4.2689 5.9608 7.5102 9.5096 8.4083 3.7514 1.1708 9.7993 9.7768 7.0991 9.2983 3.8777 3.3334 7.9264 6.0245 1.5898 4.5256 1.1658 9.7408 1.5976 9.4059 9.9087 9.2044 3.6563 1.4001 2.2231 3.1194 8.9555 5.5787 8.3076 8.9413 7.4849 2.1846 2.6196 6.3459 2.0357 3.5956 3.3488 9.2691 6.4295 1.2941 2.9072 4.3127 6.4807 8.5629 5.3247 8.0692 585.7600 4.8514 5.0675
9.6152 9.9302 4.3088 5.3568 2.3075 9.1796 9.2036 6.8613 4.1625 9.4125 6.0186 7.4369 9.3197 3.6628 4.5464 2.2228 8.8806 6.3353 8.5916 9.3996 1.7471 1.8241 5.2393 8.4271 6.8379 7.7205 2.3106 9.2698 9.1413 2.7631 2.7520 6.8264 4.4962 6.8838 3.6067 4.5220 6.2984 7.2812 4.3882 8.8911 2.2562 5.1287 4.2230 3.3654 9.5312 2.2704 1.7991 2.6443 4.4510 2.9495 6.9249 1.0850 5.4479 3.9278 3.3483 8.4781 4.8934 2.0799 2.8029 6.7779 7.9267 2.2218 6.8428 5.3214 4.0183 6.5653 2.4377 1.0079 1.4437 2.4364 9.9654 8.6487 2.9726 8.2744 5.8018 9.0476 2.0173 8.6679 7.9015 4.9242 8.9162 4.8878 2.8057 4.2070 1.3683 4.4758 7.9270 8.2562 5.1313 4.4729 3.0238 1.1734 5.6655 8.3760 9.9825 5.0642 9.3944 4.2295 554.2164 9.0211
3.0307 5.5784 5.8009 1.9534 2.1944 8.1298 8.8851 2.5205 4.6799 2.1633 7.9023 2.8540 1.9239 6.1634 4.6740 2.3554 7.3068 1.1039 6.5114 4.9815 4.8510 8.8029 6.0879 2.9413 5.4962 4.9773 4.7442 5.0121 5.2882 1.1020 6.2156 4.5918 7.5215 3.2296 9.3770 6.5155 6.9907 3.2667 1.0588 6.9749 5.3594 3.3783 6.9265 3.3562 4.0791 8.7655 4.9204 1.7991 8.0790 9.1548 5.9999 1.9856 6.3202 5.4101 7.2286 5.0483 4.6327 6.4400 3.9532 9.8937 3.3214 1.8032 9.0202 5.7478 3.8989 1.3578 9.9660 3.2633 4.3279 6.2425 3.1243 3.9894 8.4786 7.8840 7.0835 4.4221 2.2447 6.8624 5.9401 7.1364 2.9462 1.7566 3.1347 4.7960 3.1710 6.0047 4.7455 8.7781 4.3812 9.5023 5.6854 9.3688 2.8924 1.0896 8.6762 8.2896 7.7576 7.1683 8.5029 528.1882
