2769.8310
2597.4168
2707.6113
2692.3473
2672.1206
2640.2530
2808.7324
2781.7621
2691.3053
3101.1525
2666.2098
2729.2755
2736.8551
2526.2386
2450.4693
2724.6812
2701.5165
2830.1145
2738.2261
2745.4530
2710.2091
2773.9395
2819.6799
2702.3112
2665.3110
2499.7785
2785.3676
2742.9545
2796.1811
2617.2761
2606.5308
2559.8065
2571.8629
2774.6492
2649.1901
2627.0771
2502.7369
2639.0228
2842.5370
2543.8804
2833.7244
2712.6388
2942.8454
2578.8698
3004.2778
2811.3711
2778.3452
2544.1152
2691.6265
2541.0539
2688.5648
2752.1430
2711.0297
2785.7173
2590.2737
2882.1386
2835.3840
2878.0847
2827.1859
2692.6775
2847.1764
2775.3201
2606.3197
2747.7003
2675.7217
2665.3457
2746.1460
2706.2628
2532.7372
2448.7611
2785.7076
3131.0424
2755.8747
2586.8098
2851.5790
2666.5362
2774.8491
2710.8283
2683.8422
2675.7696
2725.0241
2921.9377
2517.0004
2704.2384
2546.6204
2820.1154
2701.6019
2743.2453
2591.4938
2644.5396
2701.8933
2621.3120
2610.7433
2630.1551
2739.0120
2718.7613
2639.3582
2911.9742
2758.5057
2628.5970
