2549.3660800376756
2811.662340838229
2827.822118936624
2853.47194769284
2724.8793510053947
2686.29180377265
2740.992125578416
2541.4500096019833
2740.067272537664
2766.161222441488
2858.019764620685
2652.0579117781986
2579.919037204348
2703.295445694198
2728.5337320044177
2811.155330832123
2898.233255953492
2603.914416953075
2728.099965198767
2851.1038926223673
2688.5299573605353
3018.1276266591
2734.9637825441246
2755.215844599309
2895.999076775753
2767.08590370024
2685.8194997541837
2859.607302271572
2778.5588776821796
2699.5280298706034
2560.5715615153285
2547.5174204772507
2607.206051673184
2834.4213507988125
2993.643506854818
2784.874047421034
2694.13522379239
3059.8848845057532
2577.5599563553656
2648.84174573537
2836.281872879647
2595.9956799135994
2681.457004389488
2690.392483309018
2737.38148779028
2797.054277445826
2704.395395040178
2747.533470107358
2594.9971007296463
2724.8988698959492
2792.9837620782164
2825.6730069460305
2838.9818753690593
2751.6982968283596
2749.7028100623834
2628.0055867253227
2751.2858568554366
2970.8472416304703
2595.893923490918
2691.705391874743
2719.415995250612
2944.0177829925938
2756.4289544097624
2654.619727059462
2903.481344564588
2609.1304263647703
2813.3404177901443
2681.169582106873
2936.476150141402
2790.9626682256835
2825.8348259058575
2619.807640994066
2780.1874181866638
2781.2221871780016
2602.42920509319
2640.2842294492298
2754.87898835911
2680.361508950818
2780.945298683346
3074.7373167075416
2710.526996804223
2551.674752350624
2714.075014909923
2639.6691862225384
2745.417857377125
2744.08429524987
2768.979192538488
2663.7752897713253
2692.0287942553805
2882.151372457552
2601.9276807313922
2729.427408315768
2656.3157936879584
2592.0615235612163
2782.675453524035
2958.55926049159
2742.8592763859688
2610.353724889759
2662.695729523651
2789.655524433158
